0     0.563634   
1     0.532984   
2     0.543281   
3     0.512631   
4     0.572394   
5     0.541743   
6     0.547093   
7     0.516443   
8     0.563713   
9     0.533063   
10     0.54336   
11     0.51271   
12     0.572473   
13     0.541822   
14     0.547172   
15     0.516522   
16     0.532401   
17     0.501751   
18     0.562443   
19     0.531793   
20     0.488154   
21     0.457503   
22     0.513248   
23     0.482598   
24     0.53248   
25     0.50183   
26     0.562522   
27     0.531872   
28     0.488232   
29     0.457582   
30     0.513327   
31     0.482677   
32     0.530389   
33     0.499739   
34     0.510036   
35     0.479386   
36     0.539149   
37     0.508498   
38     0.513848   
39     0.483198   
40     0.530468   
41     0.499818   
42     0.510115   
43     0.479465   
44     0.539228   
45     0.508577   
46     0.513927   
47     0.483277   
48     0.499156   
49     0.468506   
50     0.529198   
51     0.498548   
52     0.454909   
53     0.424258   
54     0.480003   
55     0.449353   
56     0.499235   
57     0.468585   
58     0.529277   
59     0.498627   
60     0.454987   
61     0.424337   
62     0.480082   
63     0.449432   
64     0.574959   
65     0.544309   
66     0.554607   
67     0.523956   
68     0.583719   
69     0.553069   
70     0.558419   
71     0.527768   
72     0.571456   
73     0.540806   
74     0.551103   
75     0.520453   
76     0.580216   
77     0.549566   
78     0.554915   
79     0.524265   
80     0.543727   
81     0.513076   
82     0.573769   
83     0.543118   
84     0.499479   
85     0.468829   
86     0.524573   
87     0.493923   
88     0.540223   
89     0.509573   
90     0.570265   
91     0.539615   
92     0.495976   
93     0.465325   
94     0.52107   
95     0.49042   
96     0.541715   
97     0.511064   
98     0.521362   
99     0.490711   
100     0.550474   
101     0.519824   
102     0.525174   
103     0.494523   
104     0.538211   
105     0.507561   
106     0.517858   
107     0.487208   
108     0.546971   
109     0.516321   
110     0.52167   
111     0.49102   
112     0.510482   
113     0.479831   
114     0.540524   
115     0.509873   
116     0.466234   
117     0.435584   
118     0.491328   
119     0.460678   
120     0.506978   
121     0.476328   
122     0.53702   
123     0.50637   
124     0.462731   
125     0.432081   
126     0.487825   
127     0.457175   
128     0.446644   
129     0.448294   
130     0.426291   
131     0.427941   
132     0.455404   
133     0.457053   
134     0.430103   
135     0.431753   
136     0.446723   
137     0.448372   
138     0.42637   
139     0.42802   
140     0.455483   
141     0.457132   
142     0.430182   
143     0.431832   
144     0.415411   
145     0.417061   
146     0.445453   
147     0.447103   
148     0.371164   
149     0.372813   
150     0.396258   
151     0.397908   
152     0.41549   
153     0.41714   
154     0.445532   
155     0.447182   
156     0.371243   
157     0.372892   
158     0.396337   
159     0.397986   
160     0.443477   
161     0.445126   
162     0.423124   
163     0.424774   
164     0.452237   
165     0.453886   
166     0.426936   
167     0.428586   
168     0.443556   
169     0.445205   
170     0.423203   
171     0.424852   
172     0.452315   
173     0.453965   
174     0.427015   
175     0.428664   
176     0.412244   
177     0.413894   
178     0.442286   
179     0.443936   
180     0.367996   
181     0.369646   
182     0.393091   
183     0.39474   
184     0.412323   
185     0.413972   
186     0.442365   
187     0.444014   
188     0.368075   
189     0.369725   
190     0.39317   
191     0.394819   
192     0.411439   
193     0.413089   
194     0.391087   
195     0.392736   
196     0.420199   
197     0.421849   
198     0.394899   
199     0.396548   
200     0.407936   
201     0.409586   
202     0.387583   
203     0.389233   
204     0.416696   
205     0.418345   
206     0.391395   
207     0.393045   
208     0.380207   
209     0.381856   
210     0.410249   
211     0.411898   
212     0.335959   
213     0.337608   
214     0.361053   
215     0.362703   
216     0.376703   
217     0.378353   
218     0.406745   
219     0.408395   
220     0.332456   
221     0.334105   
222     0.35755   
223     0.3592   
224     0.408272   
225     0.409922   
226     0.387919   
227     0.389569   
228     0.417032   
229     0.418681   
230     0.391731   
231     0.393381   
232     0.404769   
233     0.406418   
234     0.384416   
235     0.386066   
236     0.413529   
237     0.415178   
238     0.388228   
239     0.389878   
240     0.377039   
241     0.378689   
242     0.407081   
243     0.408731   
244     0.332792   
245     0.334441   
246     0.357886   
247     0.359536   
248     0.373536   
249     0.375186   
250     0.403578   
251     0.405228   
252     0.329288   
253     0.330938   
254     0.354383   
255     0.356032   
