0     0.463911   
1     0.445652   
2     0.531767   
3     0.513508   
4     0.415494   
5     0.439648   
6     0.48335   
7     0.507503   
8     0.468449   
9     0.469149   
10     0.536305   
11     0.537005   
12     0.484827   
13     0.527939   
14     0.552683   
15     0.595795   
16     0.428043   
17     0.409879   
18     0.410216   
19     0.392052   
20     0.358804   
21     0.383053   
22     0.340977   
23     0.365226   
24     0.522478   
25     0.523272   
26     0.50465   
27     0.505445   
28     0.479027   
29     0.522235   
30     0.4612   
31     0.504408   
32     0.482643   
33     0.464384   
34     0.524695   
35     0.506436   
36     0.434226   
37     0.458379   
38     0.476278   
39     0.500431   
40     0.487181   
41     0.487881   
42     0.529233   
43     0.529933   
44     0.503559   
45     0.546671   
46     0.545611   
47     0.588723   
48     0.417087   
49     0.398924   
50     0.519057   
51     0.500893   
52     0.347849   
53     0.372098   
54     0.449818   
55     0.474067   
56     0.511522   
57     0.512317   
58     0.613492   
59     0.614286   
60     0.468072   
61     0.511279   
62     0.570041   
63     0.613249   
64     0.571692   
65     0.584109   
66     0.639548   
67     0.651965   
68     0.579455   
69     0.533154   
70     0.64731   
71     0.60101   
72     0.57623   
73     0.607605   
74     0.644086   
75     0.675461   
76     0.648787   
77     0.621445   
78     0.716643   
79     0.689301   
80     0.35733   
81     0.369843   
82     0.339503   
83     0.352015   
84     0.41359   
85     0.367385   
86     0.395763   
87     0.349558   
88     0.451765   
89     0.483236   
90     0.433938   
91     0.465409   
92     0.533813   
93     0.506567   
94     0.515986   
95     0.48874   
96     0.515514   
97     0.527931   
98     0.557566   
99     0.569983   
100     0.523277   
101     0.476976   
102     0.565329   
103     0.519028   
104     0.520052   
105     0.551428   
106     0.562104   
107     0.59348   
108     0.59261   
109     0.565268   
110     0.634662   
111     0.60732   
112     0.380661   
113     0.393173   
114     0.482631   
115     0.495143   
116     0.436921   
117     0.390716   
118     0.538891   
119     0.492685   
120     0.475096   
121     0.506566   
122     0.577065   
123     0.608536   
124     0.557144   
125     0.529897   
126     0.659114   
127     0.631867   
128     0.602674   
129     0.524417   
130     0.67053   
131     0.592273   
132     0.554257   
133     0.518412   
134     0.622113   
135     0.586268   
136     0.433723   
137     0.402015   
138     0.501578   
139     0.469871   
140     0.4501   
141     0.460805   
142     0.517956   
143     0.528661   
144     0.523886   
145     0.489509   
146     0.506059   
147     0.471682   
148     0.454648   
149     0.462683   
150     0.436821   
151     0.444856   
152     0.444831   
153     0.457004   
154     0.427004   
155     0.439177   
156     0.401381   
157     0.455967   
158     0.383554   
159     0.43814   
160     0.621406   
161     0.543149   
162     0.663458   
163     0.585201   
164     0.572989   
165     0.537144   
166     0.615041   
167     0.579196   
168     0.452455   
169     0.420747   
170     0.494506   
171     0.462799   
172     0.468832   
173     0.479537   
174     0.510884   
175     0.521589   
176     0.512931   
177     0.478554   
178     0.6149   
179     0.580523   
180     0.443692   
181     0.451728   
182     0.545662   
183     0.553697   
184     0.433875   
185     0.446049   
186     0.535845   
187     0.548018   
188     0.390425   
189     0.445011   
190     0.492395   
191     0.546981   
192     0.710455   
193     0.662873   
194     0.778311   
195     0.730729   
196     0.718218   
197     0.611919   
198     0.786074   
199     0.679774   
200     0.541503   
201     0.540472   
202     0.609359   
203     0.608328   
204     0.614061   
205     0.554312   
206     0.681917   
207     0.622168   
208     0.453174   
209     0.449473   
210     0.435347   
211     0.431646   
212     0.509434   
213     0.447015   
214     0.491607   
215     0.429188   
216     0.374118   
217     0.416968   
218     0.356291   
219     0.399141   
220     0.456167   
221     0.440299   
222     0.43834   
223     0.422471   
224     0.654278   
225     0.606696   
226     0.696329   
227     0.648748   
228     0.66204   
229     0.555741   
230     0.704092   
231     0.597793   
232     0.485326   
233     0.484294   
234     0.527378   
235     0.526346   
236     0.557883   
237     0.498134   
238     0.599935   
239     0.540186   
240     0.476504   
241     0.472803   
242     0.578474   
243     0.574773   
244     0.532764   
245     0.470346   
246     0.634734   
247     0.572315   
248     0.397449   
249     0.440298   
250     0.499419   
251     0.542268   
252     0.479497   
253     0.463629   
254     0.581467   
255     0.565599   
