0     0.462857   
1     0.51206   
2     0.574789   
3     0.594411   
4     0.49447   
5     0.479249   
6     0.576469   
7     0.531666   
8     0.58044   
9     0.58606   
10     0.602593   
11     0.631748   
12     0.563391   
13     0.553644   
14     0.606166   
15     0.619954   
16     0.472102   
17     0.513691   
18     0.59302   
19     0.564447   
20     0.477932   
21     0.38882   
22     0.568916   
23     0.409642   
24     0.537653   
25     0.450975   
26     0.590448   
27     0.570794   
28     0.547346   
29     0.429255   
30     0.620763   
31     0.569696   
32     0.515806   
33     0.565009   
34     0.535591   
35     0.555212   
36     0.547419   
37     0.532198   
38     0.537271   
39     0.492467   
40     0.633389   
41     0.639009   
42     0.563394   
43     0.592549   
44     0.61634   
45     0.606593   
46     0.566967   
47     0.580755   
48     0.58879   
49     0.630379   
50     0.61756   
51     0.588987   
52     0.594619   
53     0.505508   
54     0.593456   
55     0.434183   
56     0.654341   
57     0.567662   
58     0.614988   
59     0.595334   
60     0.664034   
61     0.545943   
62     0.645303   
63     0.594236   
64     0.340359   
65     0.389562   
66     0.412847   
67     0.432469   
68     0.35181   
69     0.336588   
70     0.406183   
71     0.36138   
72     0.578694   
73     0.584315   
74     0.523013   
75     0.552168   
76     0.617112   
77     0.607365   
78     0.577673   
79     0.591461   
80     0.429949   
81     0.471538   
82     0.511423   
83     0.482849   
84     0.415616   
85     0.326504   
86     0.478975   
87     0.319701   
88     0.616252   
89     0.529574   
90     0.591213   
91     0.571559   
92     0.681412   
93     0.563321   
94     0.672614   
95     0.621547   
96     0.307656   
97     0.356859   
98     0.388117   
99     0.407738   
100     0.319106   
101     0.303885   
102     0.381453   
103     0.336649   
104     0.545991   
105     0.551611   
106     0.498282   
107     0.527438   
108     0.584408   
109     0.574661   
110     0.552942   
111     0.56673   
112     0.424427   
113     0.466016   
114     0.513874   
115     0.485301   
116     0.410094   
117     0.320983   
118     0.481427   
119     0.322153   
120     0.610731   
121     0.524053   
122     0.593665   
123     0.574011   
124     0.67589   
125     0.557799   
126     0.675066   
127     0.623999   
128     0.54808   
129     0.608747   
130     0.555951   
131     0.625196   
132     0.52837   
133     0.524612   
134     0.64049   
135     0.64531   
136     0.553527   
137     0.630523   
138     0.595805   
139     0.523812   
140     0.464584   
141     0.526212   
142     0.661665   
143     0.574305   
144     0.605501   
145     0.658553   
146     0.622357   
147     0.643407   
148     0.560007   
149     0.482359   
150     0.681112   
151     0.571462   
152     0.558916   
153     0.543613   
154     0.631835   
155     0.511033   
156     0.496714   
157     0.449999   
158     0.724438   
159     0.572222   
160     0.632151   
161     0.692818   
162     0.535305   
163     0.604549   
164     0.612441   
165     0.608683   
166     0.619843   
167     0.624663   
168     0.637598   
169     0.714594   
170     0.575158   
171     0.503165   
172     0.548654   
173     0.610283   
174     0.641019   
175     0.553658   
176     0.646647   
177     0.699699   
178     0.558786   
179     0.579836   
180     0.601153   
181     0.523505   
182     0.617541   
183     0.50789   
184     0.600061   
185     0.584759   
186     0.568264   
187     0.447461   
188     0.53786   
189     0.491145   
190     0.660866   
191     0.508651   
192     0.279226   
193     0.339893   
194     0.423901   
195     0.493146   
196     0.251251   
197     0.247493   
198     0.408154   
199     0.412973   
200     0.344981   
201     0.421977   
202     0.485672   
203     0.413679   
204     0.31507   
205     0.376698   
206     0.502346   
207     0.414985   
208     0.368591   
209     0.421644   
210     0.522251   
211     0.543302   
212     0.314832   
213     0.237184   
214     0.480721   
215     0.37107   
216     0.382314   
217     0.367012   
218     0.553647   
219     0.432845   
220     0.379145   
221     0.332429   
222     0.597063   
223     0.444847   
224     0.369348   
225     0.430015   
226     0.495996   
227     0.565241   
228     0.341373   
229     0.337615   
230     0.480249   
231     0.485068   
232     0.435103   
233     0.512099   
234     0.557767   
235     0.485774   
236     0.405192   
237     0.46682   
238     0.574441   
239     0.48708   
240     0.409666   
241     0.462719   
242     0.5453   
243     0.56635   
244     0.355907   
245     0.278259   
246     0.503769   
247     0.394118   
248     0.423389   
249     0.408087   
250     0.576696   
251     0.455893   
252     0.42022   
253     0.373504   
254     0.620111   
255     0.467896   
