0     0.56287   
1     0.505897   
2     0.596534   
3     0.558169   
4     0.494702   
5     0.437729   
6     0.528366   
7     0.490001   
8     0.555625   
9     0.498651   
10     0.589289   
11     0.550924   
12     0.534129   
13     0.477156   
14     0.567793   
15     0.529428   
16     0.515916   
17     0.657925   
18     0.50894   
19     0.669557   
20     0.36785   
21     0.509859   
22     0.360874   
23     0.521492   
24     0.50867   
25     0.65068   
26     0.501694   
27     0.662312   
28     0.407278   
29     0.549287   
30     0.400302   
31     0.560919   
32     0.582259   
33     0.433994   
34     0.615923   
35     0.486266   
36     0.520216   
37     0.371951   
38     0.55388   
39     0.424224   
40     0.575014   
41     0.426749   
42     0.608678   
43     0.479021   
44     0.559644   
45     0.411379   
46     0.593308   
47     0.463651   
48     0.535304   
49     0.586022   
50     0.528328   
51     0.597655   
52     0.393364   
53     0.444082   
54     0.386388   
55     0.455714   
56     0.528059   
57     0.578777   
58     0.521083   
59     0.590409   
60     0.432792   
61     0.483509   
62     0.425816   
63     0.495142   
64     0.713569   
65     0.656596   
66     0.643585   
67     0.60522   
68     0.640545   
69     0.583572   
70     0.57056   
71     0.532195   
72     0.706324   
73     0.649351   
74     0.636339   
75     0.597974   
76     0.679972   
77     0.622999   
78     0.609988   
79     0.571623   
80     0.542744   
81     0.684753   
82     0.536752   
83     0.69737   
84     0.441434   
85     0.583443   
86     0.435442   
87     0.59606   
88     0.535498   
89     0.677508   
90     0.529506   
91     0.690124   
92     0.480861   
93     0.622871   
94     0.474869   
95     0.635487   
96     0.677124   
97     0.528859   
98     0.60714   
99     0.477483   
100     0.683193   
101     0.534927   
102     0.613208   
103     0.483551   
104     0.669879   
105     0.521614   
106     0.599895   
107     0.470238   
108     0.72262   
109     0.574355   
110     0.652635   
111     0.522979   
112     0.506299   
113     0.557016   
114     0.500307   
115     0.569633   
116     0.484082   
117     0.534799   
118     0.47809   
119     0.547416   
120     0.499054   
121     0.549771   
122     0.493062   
123     0.562388   
124     0.523509   
125     0.574227   
126     0.517517   
127     0.586843   
128     0.396501   
129     0.453669   
130     0.419806   
131     0.494353   
132     0.533287   
133     0.590455   
134     0.556593   
135     0.63114   
136     0.413789   
137     0.470957   
138     0.437094   
139     0.511642   
140     0.526361   
141     0.583529   
142     0.549666   
143     0.624213   
144     0.34897   
145     0.526105   
146     0.331635   
147     0.526149   
148     0.405859   
149     0.582994   
150     0.388524   
151     0.583038   
152     0.366258   
153     0.543393   
154     0.348923   
155     0.543438   
156     0.398932   
157     0.576067   
158     0.381597   
159     0.576112   
160     0.43731   
161     0.425778   
162     0.460615   
163     0.466462   
164     0.580222   
165     0.56869   
166     0.603527   
167     0.609374   
168     0.454598   
169     0.443066   
170     0.477903   
171     0.483751   
172     0.573295   
173     0.561763   
174     0.5966   
175     0.602448   
176     0.389779   
177     0.498214   
178     0.372444   
179     0.498258   
180     0.452793   
181     0.561229   
182     0.435459   
183     0.561273   
184     0.407067   
185     0.515502   
186     0.389732   
187     0.515547   
188     0.445867   
189     0.554302   
190     0.428532   
191     0.554346   
192     0.657   
193     0.714168   
194     0.576657   
195     0.651204   
196     0.674159   
197     0.731327   
198     0.593816   
199     0.668363   
200     0.674289   
201     0.731457   
202     0.593945   
203     0.668493   
204     0.667232   
205     0.7244   
206     0.586889   
207     0.661436   
208     0.485598   
209     0.662733   
210     0.469248   
211     0.663762   
212     0.474471   
213     0.651606   
214     0.458121   
215     0.652635   
216     0.502887   
217     0.680021   
218     0.486536   
219     0.68105   
220     0.467545   
221     0.64468   
222     0.451194   
223     0.645708   
224     0.641975   
225     0.630444   
226     0.561632   
227     0.56748   
228     0.738227   
229     0.726695   
230     0.657883   
231     0.663731   
232     0.659264   
233     0.647732   
234     0.578921   
235     0.584768   
236     0.7313   
237     0.719768   
238     0.650956   
239     0.656804   
240     0.470573   
241     0.579009   
242     0.454223   
243     0.580037   
244     0.538539   
245     0.646974   
246     0.522189   
247     0.648003   
248     0.487862   
249     0.596297   
250     0.471511   
251     0.597326   
252     0.531612   
253     0.640048   
254     0.515262   
255     0.641076   
