0     0.209163   
1     0.334078   
2     0.492873   
3     0.48413   
4     0.444875   
5     0.464444   
6     0.5168   
7     0.402711   
8     0.480059   
9     0.485955   
10     0.435327   
11     0.457893   
12     0.504816   
13     0.405366   
14     0.547047   
15     0.464267   
16     0.475749   
17     0.545996   
18     0.439722   
19     0.491569   
20     0.382111   
21     0.456037   
22     0.516335   
23     0.571861   
24     0.479079   
25     0.535923   
26     0.52143   
27     0.605606   
28     0.524812   
29     0.585335   
30     0.550086   
31     0.637941   
32     0.333369   
33     0.51858   
34     0.413734   
35     0.555494   
36     0.4835   
37     0.563365   
38     0.35208   
39     0.388494   
40     0.610505   
41     0.565192   
42     0.522004   
43     0.583569   
44     0.549681   
45     0.399023   
46     0.548142   
47     0.504362   
48     0.599955   
49     0.730498   
50     0.360583   
51     0.562934   
52     0.420735   
53     0.554957   
54     0.351614   
55     0.557644   
56     0.609525   
57     0.615161   
58     0.608107   
59     0.731282   
60     0.569677   
61     0.578991   
62     0.551181   
63     0.678036   
64     0.354411   
65     0.425155   
66     0.469655   
67     0.611944   
68     0.457326   
69     0.467237   
70     0.360785   
71     0.442241   
72     0.588087   
73     0.539812   
74     0.374889   
75     0.548487   
76     0.585224   
77     0.476116   
78     0.458989   
79     0.571754   
80     0.601228   
81     0.478727   
82     0.396735   
83     0.461038   
84     0.527031   
85     0.43231   
86     0.492789   
87     0.584872   
88     0.594346   
89     0.458443   
90     0.468231   
91     0.564864   
92     0.653215   
93     0.545091   
94     0.510022   
95     0.634434   
96     0.296313   
97     0.484559   
98     0.490352   
99     0.721906   
100     0.430145   
101     0.557559   
102     0.4124   
103     0.58312   
104     0.536229   
105     0.493952   
106     0.561402   
107     0.71276   
108     0.564284   
109     0.461174   
110     0.676419   
111     0.766944   
112     0.54313   
113     0.538132   
114     0.417432   
115     0.571   
116     0.49985   
117     0.522632   
118     0.544403   
119     0.725751   
120     0.542489   
121     0.412583   
122     0.654744   
123     0.729137   
124     0.632274   
125     0.530148   
126     0.727452   
127     0.829624   
128     0.393547   
129     0.510712   
130     0.638283   
131     0.62179   
132     0.585843   
133     0.597662   
134     0.618794   
135     0.496955   
136     0.496729   
137     0.48254   
138     0.567611   
139     0.570091   
140     0.478071   
141     0.358535   
142     0.635915   
143     0.533049   
144     0.660132   
145     0.72263   
146     0.585132   
147     0.62923   
148     0.523079   
149     0.589255   
150     0.618329   
151     0.666105   
152     0.49575   
153     0.532508   
154     0.653714   
155     0.717804   
156     0.498066   
157     0.538504   
158     0.638953   
159     0.706723   
160     0.37419   
161     0.560418   
162     0.37434   
163     0.517117   
164     0.551172   
165     0.632054   
166     0.339537   
167     0.376969   
168     0.597549   
169     0.465037   
170     0.429564   
171     0.403929   
172     0.563577   
173     0.325719   
174     0.482554   
175     0.351574   
176     0.640775   
177     0.772336   
178     0.321189   
179     0.524557   
180     0.488408   
181     0.623647   
182     0.339072   
183     0.546119   
184     0.59657   
185     0.515005   
186     0.515667   
187     0.551643   
188     0.583573   
189     0.505688   
190     0.485593   
191     0.525248   
192     0.417547   
193     0.480541   
194     0.493817   
195     0.628357   
196     0.616052   
197     0.618213   
198     0.480537   
199     0.554244   
200     0.48351   
201     0.415149   
202     0.385925   
203     0.539438   
204     0.576237   
205     0.447043   
206     0.565615   
207     0.658295   
208     0.664364   
209     0.534114   
210     0.420897   
211     0.477451   
212     0.685757   
213     0.583287   
214     0.612541   
215     0.696875   
216     0.489769   
217     0.33378   
218     0.479267   
219     0.555814   
220     0.644227   
221     0.516018   
222     0.616648   
223     0.720975   
224     0.316293   
225     0.505556   
226     0.430117   
227     0.662688   
228     0.384168   
229     0.512598   
230     0.286207   
231     0.457945   
232     0.502432   
233     0.372955   
234     0.448121   
235     0.512279   
236     0.46453   
237     0.27422   
238     0.497181   
239     0.500506   
240     0.563109   
241     0.559128   
242     0.357197   
243     0.511782   
244     0.453873   
245     0.477672   
246     0.418211   
247     0.600576   
248     0.508692   
249     0.291586   
250     0.541463   
251     0.528656   
252     0.53252   
253     0.343195   
254     0.548214   
255     0.563186   
