0     0.255943   
1     0.465036   
2     0.276441   
3     0.424097   
4     0.38801   
5     0.53073   
6     0.408508   
7     0.489792   
8     0.270813   
9     0.479906   
10     0.264127   
11     0.411784   
12     0.40288   
13     0.5456   
14     0.396194   
15     0.477478   
16     0.402433   
17     0.611526   
18     0.42293   
19     0.570587   
20     0.462871   
21     0.605591   
22     0.483368   
23     0.564652   
24     0.351971   
25     0.561064   
26     0.345285   
27     0.492942   
28     0.412409   
29     0.555129   
30     0.405723   
31     0.487006   
32     0.269005   
33     0.478098   
34     0.289503   
35     0.437159   
36     0.401072   
37     0.543792   
38     0.42157   
39     0.502854   
40     0.283875   
41     0.492968   
42     0.277189   
43     0.424846   
44     0.415942   
45     0.558662   
46     0.409256   
47     0.49054   
48     0.376972   
49     0.586065   
50     0.39747   
51     0.545127   
52     0.43741   
53     0.58013   
54     0.457908   
55     0.539191   
56     0.32651   
57     0.535603   
58     0.319824   
59     0.467481   
60     0.386948   
61     0.529668   
62     0.380262   
63     0.461546   
64     0.305949   
65     0.456504   
66     0.326446   
67     0.415565   
68     0.438016   
69     0.522198   
70     0.458513   
71     0.481259   
72     0.320818   
73     0.471373   
74     0.314132   
75     0.403251   
76     0.452886   
77     0.537067   
78     0.446199   
79     0.468945   
80     0.452438   
81     0.602993   
82     0.472936   
83     0.562054   
84     0.512876   
85     0.597058   
86     0.533374   
87     0.556119   
88     0.401976   
89     0.552531   
90     0.39529   
91     0.484409   
92     0.462414   
93     0.546596   
94     0.455728   
95     0.478474   
96     0.319011   
97     0.469566   
98     0.339508   
99     0.428627   
100     0.451078   
101     0.53526   
102     0.471575   
103     0.494321   
104     0.33388   
105     0.484435   
106     0.327194   
107     0.416313   
108     0.465948   
109     0.550129   
110     0.459261   
111     0.482007   
112     0.426978   
113     0.577533   
114     0.447475   
115     0.536594   
116     0.487416   
117     0.571598   
118     0.507913   
119     0.530659   
120     0.376516   
121     0.52707   
122     0.36983   
123     0.458948   
124     0.436954   
125     0.521135   
126     0.430268   
127     0.453013   
128     0.343045   
129     0.552138   
130     0.363542   
131     0.511199   
132     0.475112   
133     0.617832   
134     0.495609   
135     0.576893   
136     0.357914   
137     0.567007   
138     0.351228   
139     0.498885   
140     0.489981   
141     0.632701   
142     0.483295   
143     0.564579   
144     0.489534   
145     0.698627   
146     0.510032   
147     0.657688   
148     0.549972   
149     0.692692   
150     0.570469   
151     0.651753   
152     0.439072   
153     0.648165   
154     0.432386   
155     0.580043   
156     0.49951   
157     0.64223   
158     0.492824   
159     0.574108   
160     0.356107   
161     0.565199   
162     0.376604   
163     0.524261   
164     0.488174   
165     0.630894   
166     0.508671   
167     0.589955   
168     0.370976   
169     0.580069   
170     0.36429   
171     0.511947   
172     0.503043   
173     0.645763   
174     0.496357   
175     0.577641   
176     0.464074   
177     0.673167   
178     0.484571   
179     0.632228   
180     0.524512   
181     0.667231   
182     0.545009   
183     0.626293   
184     0.413612   
185     0.622704   
186     0.406925   
187     0.554582   
188     0.474049   
189     0.616769   
190     0.467363   
191     0.548647   
192     0.283203   
193     0.433758   
194     0.303701   
195     0.392819   
196     0.41527   
197     0.499452   
198     0.435768   
199     0.458513   
200     0.298073   
201     0.448628   
202     0.291387   
203     0.380505   
204     0.43014   
205     0.514322   
206     0.423454   
207     0.4462   
208     0.429693   
209     0.580248   
210     0.45019   
211     0.539309   
212     0.490131   
213     0.574313   
214     0.510628   
215     0.533374   
216     0.379231   
217     0.529785   
218     0.372545   
219     0.461663   
220     0.439669   
221     0.52385   
222     0.432983   
223     0.455728   
224     0.296265   
225     0.44682   
226     0.316763   
227     0.405881   
228     0.428332   
229     0.512514   
230     0.44883   
231     0.471575   
232     0.311135   
233     0.46169   
234     0.304449   
235     0.393567   
236     0.443202   
237     0.527384   
238     0.436516   
239     0.459262   
240     0.404232   
241     0.554787   
242     0.42473   
243     0.513848   
244     0.46467   
245     0.548852   
246     0.485168   
247     0.507913   
248     0.35377   
249     0.504325   
250     0.347084   
251     0.436203   
252     0.414208   
253     0.49839   
254     0.407522   
255     0.430268   
