0     0.697503   
1     0.704741   
2     0.571997   
3     0.579235   
4     0.683143   
5     0.690381   
6     0.557637   
7     0.564875   
8     0.633765   
9     0.641003   
10     0.567504   
11     0.574742   
12     0.619405   
13     0.626643   
14     0.553144   
15     0.560382   
16     0.632625   
17     0.639863   
18     0.507119   
19     0.514357   
20     0.618265   
21     0.625503   
22     0.492759   
23     0.499997   
24     0.568887   
25     0.576125   
26     0.502626   
27     0.509864   
28     0.554527   
29     0.561765   
30     0.488266   
31     0.495504   
32     0.639728   
33     0.646965   
34     0.626282   
35     0.63352   
36     0.625368   
37     0.632606   
38     0.611922   
39     0.61916   
40     0.57599   
41     0.583228   
42     0.621789   
43     0.629027   
44     0.56163   
45     0.568868   
46     0.607429   
47     0.614667   
48     0.57485   
49     0.582088   
50     0.561404   
51     0.568642   
52     0.56049   
53     0.567728   
54     0.547045   
55     0.554282   
56     0.511112   
57     0.51835   
58     0.556911   
59     0.564149   
60     0.496752   
61     0.50399   
62     0.542551   
63     0.549789   
64     0.621353   
65     0.723523   
66     0.495848   
67     0.598018   
68     0.515795   
69     0.617965   
70     0.390289   
71     0.49246   
72     0.557615   
73     0.659786   
74     0.491354   
75     0.593524   
76     0.452057   
77     0.554227   
78     0.385796   
79     0.487966   
80     0.638853   
81     0.741023   
82     0.513348   
83     0.615518   
84     0.533294   
85     0.635465   
86     0.407789   
87     0.509959   
88     0.575115   
89     0.677285   
90     0.508854   
91     0.611024   
92     0.469557   
93     0.571727   
94     0.403295   
95     0.505466   
96     0.563578   
97     0.665748   
98     0.550133   
99     0.652303   
100     0.45802   
101     0.56019   
102     0.444574   
103     0.546745   
104     0.49984   
105     0.602011   
106     0.545639   
107     0.64781   
108     0.394282   
109     0.496452   
110     0.440081   
111     0.542251   
112     0.581078   
113     0.683248   
114     0.567633   
115     0.669803   
116     0.475519   
117     0.577689   
118     0.462074   
119     0.564244   
120     0.51734   
121     0.61951   
122     0.563139   
123     0.665309   
124     0.411781   
125     0.513952   
126     0.45758   
127     0.559751   
128     0.675808   
129     0.6478   
130     0.550303   
131     0.522295   
132     0.661448   
133     0.63344   
134     0.535943   
135     0.507935   
136     0.65492   
137     0.626912   
138     0.588659   
139     0.560651   
140     0.64056   
141     0.612552   
142     0.574299   
143     0.546291   
144     0.61093   
145     0.582922   
146     0.485425   
147     0.457417   
148     0.59657   
149     0.568563   
150     0.471065   
151     0.443057   
152     0.590042   
153     0.562034   
154     0.523781   
155     0.495773   
156     0.575682   
157     0.547675   
158     0.509421   
159     0.481413   
160     0.662866   
161     0.634859   
162     0.649421   
163     0.621414   
164     0.648507   
165     0.620499   
166     0.635061   
167     0.607054   
168     0.641979   
169     0.613971   
170     0.687778   
171     0.65977   
172     0.627619   
173     0.599611   
174     0.673418   
175     0.64541   
176     0.597989   
177     0.569981   
178     0.584543   
179     0.556536   
180     0.583629   
181     0.555621   
182     0.570183   
183     0.542176   
184     0.577101   
185     0.549093   
186     0.6229   
187     0.594892   
188     0.562741   
189     0.534733   
190     0.60854   
191     0.580532   
192     0.599659   
193     0.666583   
194     0.474153   
195     0.541078   
196     0.4941   
197     0.561025   
198     0.368595   
199     0.435519   
200     0.578771   
201     0.645695   
202     0.512509   
203     0.579434   
204     0.473212   
205     0.540137   
206     0.406951   
207     0.473876   
208     0.617158   
209     0.684083   
210     0.491653   
211     0.558578   
212     0.5116   
213     0.578524   
214     0.386094   
215     0.453019   
216     0.59627   
217     0.663195   
218     0.530009   
219     0.596934   
220     0.490712   
221     0.557636   
222     0.424451   
223     0.491375   
224     0.586717   
225     0.653642   
226     0.573272   
227     0.640197   
228     0.481159   
229     0.548083   
230     0.467713   
231     0.534638   
232     0.565829   
233     0.632754   
234     0.611628   
235     0.678553   
236     0.460271   
237     0.527195   
238     0.50607   
239     0.572994   
240     0.604217   
241     0.671141   
242     0.590772   
243     0.657696   
244     0.498658   
245     0.565583   
246     0.485213   
247     0.552138   
248     0.583329   
249     0.650254   
250     0.629128   
251     0.696053   
252     0.47777   
253     0.544695   
254     0.523569   
255     0.590494   
