0     0.477736   
1     0.479346   
2     0.492719   
3     0.455425   
4     0.493817   
5     0.592231   
6     0.509213   
7     0.568723   
8     0.440753   
9     0.559576   
10     0.455737   
11     0.535655   
12     0.583199   
13     0.541308   
14     0.598595   
15     0.5178   
16     0.364024   
17     0.41664   
18     0.571179   
19     0.457291   
20     0.380105   
21     0.529525   
22     0.587673   
23     0.570588   
24     0.327042   
25     0.49687   
26     0.534196   
27     0.537521   
28     0.469488   
29     0.478603   
30     0.677055   
31     0.519666   
32     0.391869   
33     0.409732   
34     0.388872   
35     0.491591   
36     0.40795   
37     0.522616   
38     0.405365   
39     0.604888   
40     0.354887   
41     0.489961   
42     0.351889   
43     0.57182   
44     0.497332   
45     0.471694   
46     0.494748   
47     0.553966   
48     0.436564   
49     0.505433   
50     0.625738   
51     0.651863   
52     0.452645   
53     0.618317   
54     0.642232   
55     0.76516   
56     0.399581   
57     0.585662   
58     0.588755   
59     0.732092   
60     0.542027   
61     0.567395   
62     0.731614   
63     0.714238   
64     0.49478   
65     0.33559   
66     0.455922   
67     0.354693   
68     0.423687   
69     0.437995   
70     0.504446   
71     0.576715   
72     0.574509   
73     0.438185   
74     0.535651   
75     0.457288   
76     0.513811   
77     0.28462   
78     0.59457   
79     0.423341   
80     0.416751   
81     0.37746   
82     0.477504   
83     0.311082   
84     0.345658   
85     0.479866   
86     0.526028   
87     0.533105   
88     0.49648   
89     0.480055   
90     0.557233   
91     0.413678   
92     0.435782   
93     0.326491   
94     0.616152   
95     0.37973   
96     0.530595   
97     0.387657   
98     0.473756   
99     0.51254   
100     0.459502   
101     0.490063   
102     0.52228   
103     0.734563   
104     0.610324   
105     0.490253   
106     0.553485   
107     0.615135   
108     0.549626   
109     0.336688   
110     0.612404   
111     0.581188   
112     0.457875   
113     0.434837   
114     0.500648   
115     0.474238   
116     0.386782   
117     0.537242   
118     0.549172   
119     0.696261   
120     0.537604   
121     0.537432   
122     0.580376   
123     0.576834   
124     0.476906   
125     0.383867   
126     0.639296   
127     0.542886   
128     0.5005   
129     0.554326   
130     0.584359   
131     0.462457   
132     0.523738   
133     0.674368   
134     0.544265   
135     0.519167   
136     0.463517   
137     0.634556   
138     0.547376   
139     0.542687   
140     0.61312   
141     0.623445   
142     0.633647   
143     0.468245   
144     0.612571   
145     0.630683   
146     0.671302   
147     0.573011   
148     0.635809   
149     0.750724   
150     0.631208   
151     0.629721   
152     0.575589   
153     0.710912   
154     0.634319   
155     0.653241   
156     0.725192   
157     0.699802   
158     0.720591   
159     0.578799   
160     0.538213   
161     0.651736   
162     0.608623   
163     0.568012   
164     0.561451   
165     0.771778   
166     0.56853   
167     0.624722   
168     0.50123   
169     0.731966   
170     0.571641   
171     0.648241   
172     0.650833   
173     0.720855   
174     0.657912   
175     0.5738   
176     0.43861   
177     0.516419   
178     0.483893   
179     0.466892   
180     0.461848   
181     0.636461   
182     0.443799   
183     0.523602   
184     0.401628   
185     0.596649   
186     0.44691   
187     0.547122   
188     0.551231   
189     0.585538   
190     0.533182   
191     0.47268   
192     0.488189   
193     0.381215   
194     0.582557   
195     0.396721   
196     0.518148   
197     0.584672   
198     0.684846   
199     0.672508   
200     0.567918   
201     0.48381   
202     0.662286   
203     0.499316   
204     0.608272   
205     0.431297   
206     0.77497   
207     0.519133   
208     0.468203   
209     0.394407   
210     0.444883   
211     0.294058   
212     0.498162   
213     0.597865   
214     0.547172   
215     0.569845   
216     0.547931   
217     0.497002   
218     0.524612   
219     0.396653   
220     0.588286   
221     0.44449   
222     0.637296   
223     0.416471   
224     0.439542   
225     0.392265   
226     0.520462   
227     0.415916   
228     0.469501   
229     0.595722   
230     0.622751   
231     0.691703   
232     0.519271   
233     0.49486   
234     0.600191   
235     0.518511   
236     0.559625   
237     0.442348   
238     0.712875   
239     0.538328   
240     0.383131   
241     0.369033   
242     0.346363   
243     0.276829   
244     0.413091   
245     0.572491   
246     0.448652   
247     0.552616   
248     0.46286   
249     0.471628   
250     0.426092   
251     0.379424   
252     0.503215   
253     0.419116   
254     0.538776   
255     0.399241   
