0     0.577862   
1     0.593461   
2     0.543767   
3     0.559366   
4     0.613461   
5     0.62906   
6     0.579366   
7     0.594965   
8     0.521548   
9     0.589924   
10     0.487452   
11     0.555828   
12     0.557147   
13     0.625523   
14     0.523051   
15     0.591427   
16     0.507468   
17     0.419176   
18     0.641367   
19     0.553075   
20     0.531584   
21     0.443292   
22     0.665483   
23     0.577191   
24     0.51378   
25     0.58508   
26     0.647679   
27     0.718979   
28     0.537897   
29     0.609197   
30     0.671795   
31     0.743096   
32     0.53717   
33     0.552769   
34     0.612589   
35     0.628188   
36     0.609823   
37     0.625422   
38     0.685243   
39     0.700841   
40     0.480856   
41     0.549231   
42     0.556275   
43     0.624651   
44     0.553509   
45     0.621885   
46     0.628928   
47     0.697304   
48     0.425   
49     0.336707   
50     0.627039   
51     0.538746   
52     0.486171   
53     0.397878   
54     0.68821   
55     0.599918   
56     0.431312   
57     0.502612   
58     0.633351   
59     0.704651   
60     0.492483   
61     0.563783   
62     0.694522   
63     0.765822   
64     0.536809   
65     0.720004   
66     0.494961   
67     0.678156   
68     0.480447   
69     0.663642   
70     0.438599   
71     0.621794   
72     0.665058   
73     0.567453   
74     0.62321   
75     0.525605   
76     0.608696   
77     0.511091   
78     0.566848   
79     0.469243   
80     0.45637   
81     0.535675   
82     0.435915   
83     0.515219   
84     0.432428   
85     0.511732   
86     0.411973   
87     0.491277   
88     0.647246   
89     0.552565   
90     0.626791   
91     0.53211   
92     0.623303   
93     0.528623   
94     0.602848   
95     0.508168   
96     0.496117   
97     0.679312   
98     0.563784   
99     0.746979   
100     0.476809   
101     0.660004   
102     0.544476   
103     0.727671   
104     0.624366   
105     0.526761   
106     0.692033   
107     0.594428   
108     0.605058   
109     0.507453   
110     0.672725   
111     0.57512   
112     0.373902   
113     0.453206   
114     0.421587   
115     0.500891   
116     0.387014   
117     0.466318   
118     0.434699   
119     0.514003   
120     0.564777   
121     0.470097   
122     0.612462   
123     0.517782   
124     0.577889   
125     0.483209   
126     0.625574   
127     0.530894   
128     0.542236   
129     0.557835   
130     0.508141   
131     0.523739   
132     0.59144   
133     0.607038   
134     0.557344   
135     0.572943   
136     0.485922   
137     0.554297   
138     0.451826   
139     0.520202   
140     0.535125   
141     0.603501   
142     0.50103   
143     0.569406   
144     0.431315   
145     0.343023   
146     0.565214   
147     0.476921   
148     0.469036   
149     0.380744   
150     0.602935   
151     0.514643   
152     0.437627   
153     0.508927   
154     0.571526   
155     0.642826   
156     0.475348   
157     0.546649   
158     0.609247   
159     0.680548   
160     0.552997   
161     0.568596   
162     0.628417   
163     0.644016   
164     0.566462   
165     0.582061   
166     0.641881   
167     0.65748   
168     0.496683   
169     0.565059   
170     0.572102   
171     0.640478   
172     0.510147   
173     0.578523   
174     0.585567   
175     0.653943   
176     0.4003   
177     0.312008   
178     0.602339   
179     0.514047   
180     0.402282   
181     0.31399   
182     0.604321   
183     0.516029   
184     0.406612   
185     0.477913   
186     0.608651   
187     0.679952   
188     0.408594   
189     0.479895   
190     0.610633   
191     0.681934   
192     0.481825   
193     0.66502   
194     0.439977   
195     0.623172   
196     0.439068   
197     0.622263   
198     0.39722   
199     0.580415   
200     0.610074   
201     0.512469   
202     0.568226   
203     0.470621   
204     0.567316   
205     0.469711   
206     0.525469   
207     0.427864   
208     0.44174   
209     0.521044   
210     0.421285   
211     0.500589   
212     0.431403   
213     0.510707   
214     0.410947   
215     0.490252   
216     0.632615   
217     0.537935   
218     0.61216   
219     0.51748   
220     0.622278   
221     0.527597   
222     0.601823   
223     0.507142   
224     0.492587   
225     0.675782   
226     0.560254   
227     0.743449   
228     0.41409   
229     0.597285   
230     0.481757   
231     0.664952   
232     0.620835   
233     0.52323   
234     0.688502   
235     0.590897   
236     0.542339   
237     0.444734   
238     0.610006   
239     0.512401   
240     0.410726   
241     0.49003   
242     0.458411   
243     0.537715   
244     0.364649   
245     0.443953   
246     0.412334   
247     0.491638   
248     0.601601   
249     0.506921   
250     0.649286   
251     0.554606   
252     0.555524   
253     0.460843   
254     0.603209   
255     0.508529   
