0     0.325877   
1     0.612784   
2     0.478983   
3     0.732298   
4     0.423155   
5     0.557856   
6     0.482125   
7     0.676717   
8     0.437363   
9     0.488406   
10     0.380485   
11     0.397936   
12     0.53464   
13     0.433478   
14     0.383628   
15     0.342355   
16     0.285104   
17     0.406942   
18     0.43821   
19     0.526455   
20     0.382382   
21     0.352014   
22     0.441352   
23     0.470875   
24     0.504902   
25     0.523139   
26     0.448025   
27     0.432669   
28     0.60218   
29     0.468211   
30     0.451167   
31     0.377088   
32     0.180311   
33     0.467218   
34     0.346278   
35     0.599593   
36     0.440194   
37     0.574896   
38     0.373449   
39     0.568041   
40     0.427211   
41     0.478253   
42     0.383195   
43     0.400645   
44     0.687094   
45     0.585931   
46     0.410366   
47     0.369093   
48     0.204587   
49     0.326425   
50     0.370554   
51     0.4588   
52     0.46447   
53     0.434103   
54     0.397726   
55     0.427248   
56     0.49856   
57     0.516797   
58     0.454544   
59     0.439189   
60     0.758443   
61     0.624474   
62     0.481716   
63     0.407637   
64     0.399098   
65     0.616216   
66     0.552203   
67     0.735729   
68     0.600978   
69     0.66589   
70     0.659949   
71     0.784751   
72     0.485425   
73     0.523885   
74     0.428548   
75     0.433415   
76     0.687305   
77     0.57356   
78     0.536293   
79     0.482437   
80     0.358325   
81     0.410373   
82     0.51143   
83     0.529887   
84     0.560205   
85     0.460048   
86     0.619175   
87     0.578909   
88     0.552965   
89     0.558618   
90     0.496087   
91     0.468148   
92     0.754845   
93     0.608293   
94     0.603833   
95     0.517171   
96     0.301705   
97     0.518823   
98     0.467672   
99     0.651197   
100     0.496088   
101     0.561   
102     0.429343   
103     0.554146   
104     0.523446   
105     0.561906   
106     0.47943   
107     0.484298   
108     0.717829   
109     0.604084   
110     0.441102   
111     0.387246   
112     0.325981   
113     0.37803   
114     0.491948   
115     0.510405   
116     0.520364   
117     0.420207   
118     0.45362   
119     0.413353   
120     0.594796   
121     0.60045   
122     0.55078   
123     0.522841   
124     0.789179   
125     0.642627   
126     0.512452   
127     0.42579   
128     0.430994   
129     0.717901   
130     0.372314   
131     0.625629   
132     0.528271   
133     0.662973   
134     0.375457   
135     0.570049   
136     0.349355   
137     0.400398   
138     0.462728   
139     0.480178   
140     0.446632   
141     0.34547   
142     0.46587   
143     0.424598   
144     0.390221   
145     0.512059   
146     0.331541   
147     0.419787   
148     0.487498   
149     0.457131   
150     0.334684   
151     0.364206   
152     0.416894   
153     0.435131   
154     0.530267   
155     0.514911   
156     0.514172   
157     0.380203   
158     0.53341   
159     0.459331   
160     0.285428   
161     0.572335   
162     0.23961   
163     0.492925   
164     0.545311   
165     0.680012   
166     0.266781   
167     0.461373   
168     0.339203   
169     0.390246   
170     0.465437   
171     0.482888   
172     0.599086   
173     0.497923   
174     0.492608   
175     0.451336   
176     0.309704   
177     0.431542   
178     0.263886   
179     0.352132   
180     0.569587   
181     0.539219   
182     0.291057   
183     0.32058   
184     0.410552   
185     0.428789   
186     0.536787   
187     0.521431   
188     0.670435   
189     0.536467   
190     0.563958   
191     0.489879   
192     0.504214   
193     0.721332   
194     0.445535   
195     0.629061   
196     0.706095   
197     0.771007   
198     0.55328   
199     0.678083   
200     0.397417   
201     0.435877   
202     0.51079   
203     0.515658   
204     0.599297   
205     0.485552   
206     0.618535   
207     0.56468   
208     0.463441   
209     0.51549   
210     0.404762   
211     0.423218   
212     0.665321   
213     0.565165   
214     0.512507   
215     0.47224   
216     0.464957   
217     0.47061   
218     0.57833   
219     0.550391   
220     0.666837   
221     0.520285   
222     0.686075   
223     0.599413   
224     0.406822   
225     0.623939   
226     0.361004   
227     0.544529   
228     0.601204   
229     0.666117   
230     0.322675   
231     0.447477   
232     0.435438   
233     0.473898   
234     0.561673   
235     0.566541   
236     0.629821   
237     0.516076   
238     0.523344   
239     0.469489   
240     0.431098   
241     0.483147   
242     0.38528   
243     0.403736   
244     0.625481   
245     0.525324   
246     0.346951   
247     0.306685   
248     0.506788   
249     0.512442   
250     0.633023   
251     0.605084   
252     0.701171   
253     0.554619   
254     0.594694   
255     0.508032   
