0     0.490915   
1     0.528265   
2     0.508089   
3     0.545439   
4     0.42586   
5     0.3897   
6     0.443034   
7     0.406874   
8     0.539493   
9     0.60708   
10     0.631446   
11     0.699033   
12     0.437286   
13     0.431363   
14     0.529239   
15     0.523316   
16     0.455891   
17     0.523338   
18     0.4566   
19     0.524046   
20     0.390837   
21     0.384773   
22     0.391545   
23     0.385481   
24     0.604483   
25     0.541754   
26     0.679971   
27     0.617241   
28     0.502276   
29     0.366036   
30     0.577764   
31     0.441524   
32     0.676373   
33     0.615913   
34     0.590032   
35     0.529573   
36     0.630569   
37     0.648667   
38     0.544229   
39     0.562327   
40     0.619271   
41     0.589049   
42     0.599018   
43     0.568796   
44     0.536315   
45     0.58465   
46     0.516062   
47     0.564397   
48     0.601761   
49     0.571397   
50     0.518123   
51     0.48776   
52     0.555957   
53     0.604151   
54     0.47232   
55     0.520514   
56     0.644673   
57     0.484134   
58     0.627123   
59     0.466584   
60     0.561717   
61     0.479735   
62     0.544167   
63     0.462185   
64     0.51021   
65     0.528212   
66     0.527384   
67     0.545386   
68     0.378378   
69     0.259728   
70     0.395551   
71     0.276902   
72     0.519379   
73     0.51499   
74     0.611332   
75     0.606943   
76     0.454131   
77     0.313091   
78     0.546084   
79     0.405044   
80     0.523653   
81     0.611033   
82     0.524361   
83     0.611741   
84     0.39182   
85     0.342549   
86     0.392528   
87     0.343257   
88     0.619775   
89     0.534008   
90     0.695262   
91     0.609495   
92     0.554527   
93     0.332108   
94     0.630014   
95     0.407596   
96     0.543761   
97     0.547781   
98     0.45742   
99     0.461441   
100     0.595169   
101     0.533987   
102     0.508828   
103     0.447647   
104     0.44725   
105     0.42888   
106     0.426997   
107     0.408627   
108     0.565242   
109     0.48167   
110     0.544989   
111     0.461417   
112     0.517615   
113     0.591014   
114     0.433977   
115     0.507376   
116     0.569023   
117     0.577219   
118     0.485385   
119     0.493582   
120     0.508057   
121     0.408309   
122     0.490507   
123     0.390759   
124     0.62605   
125     0.461099   
126     0.608499   
127     0.443549   
128     0.376118   
129     0.390074   
130     0.469952   
131     0.483908   
132     0.403991   
133     0.483873   
134     0.497824   
135     0.577707   
136     0.471186   
137     0.520259   
138     0.384346   
139     0.433418   
140     0.549734   
141     0.664733   
142     0.462893   
143     0.577892   
144     0.26832   
145     0.266419   
146     0.358215   
147     0.356313   
148     0.296192   
149     0.360217   
150     0.386087   
151     0.450112   
152     0.48929   
153     0.416232   
154     0.398511   
155     0.325452   
156     0.567838   
157     0.560705   
158     0.477058   
159     0.469926   
160     0.539069   
161     0.542476   
162     0.509636   
163     0.513043   
164     0.493113   
165     0.477046   
166     0.46368   
167     0.447613   
168     0.505178   
169     0.543701   
170     0.414305   
171     0.452828   
172     0.509896   
173     0.528946   
174     0.419024   
175     0.438074   
176     0.494917   
177     0.482466   
178     0.448817   
179     0.436367   
180     0.44896   
181     0.417037   
182     0.402861   
183     0.370937   
184     0.586927   
185     0.503319   
186     0.479389   
187     0.395781   
188     0.591646   
189     0.488565   
190     0.484108   
191     0.381026   
192     0.411823   
193     0.40643   
194     0.505656   
195     0.500264   
196     0.385737   
197     0.38313   
198     0.47957   
199     0.476963   
200     0.540967   
201     0.518063   
202     0.454126   
203     0.431223   
204     0.458277   
205     0.438159   
206     0.371436   
207     0.351318   
208     0.35249   
209     0.370523   
210     0.442385   
211     0.460418   
212     0.326404   
213     0.347222   
214     0.416299   
215     0.437117   
216     0.594477   
217     0.49838   
218     0.503697   
219     0.4076   
220     0.511787   
221     0.418476   
222     0.421007   
223     0.327696   
224     0.422866   
225     0.490753   
226     0.393433   
227     0.46132   
228     0.48694   
229     0.391595   
230     0.457507   
231     0.362162   
232     0.423051   
233     0.473426   
234     0.332179   
235     0.382554   
236     0.430521   
237     0.317664   
238     0.339649   
239     0.226792   
240     0.42718   
241     0.518491   
242     0.381081   
243     0.472392   
244     0.491254   
245     0.419333   
246     0.445155   
247     0.373234   
248     0.540206   
249     0.517389   
250     0.432668   
251     0.409851   
252     0.547677   
253     0.361627   
254     0.440138   
255     0.254088   
