0     0.427417   
1     0.464749   
2     0.476754   
3     0.514085   
4     0.355573   
5     0.392904   
6     0.404909   
7     0.442241   
8     0.384275   
9     0.421606   
10     0.460615   
11     0.497946   
12     0.31243   
13     0.349762   
14     0.38877   
15     0.426102   
16     0.386152   
17     0.423484   
18     0.415849   
19     0.45318   
20     0.39436   
21     0.431692   
22     0.424056   
23     0.461388   
24     0.34301   
25     0.380341   
26     0.39971   
27     0.437041   
28     0.351217   
29     0.388549   
30     0.407917   
31     0.445249   
32     0.399202   
33     0.436533   
34     0.448538   
35     0.485869   
36     0.327357   
37     0.364689   
38     0.376694   
39     0.414025   
40     0.386637   
41     0.423969   
42     0.462977   
43     0.500309   
44     0.314793   
45     0.352124   
46     0.391133   
47     0.428464   
48     0.328386   
49     0.365717   
50     0.358082   
51     0.395413   
52     0.336594   
53     0.373925   
54     0.36629   
55     0.403621   
56     0.315821   
57     0.353153   
58     0.372521   
59     0.409853   
60     0.324029   
61     0.361361   
62     0.380729   
63     0.418061   
64     0.448978   
65     0.525586   
66     0.498315   
67     0.574923   
68     0.377134   
69     0.453742   
70     0.42647   
71     0.503078   
72     0.405835   
73     0.482444   
74     0.482176   
75     0.558784   
76     0.333991   
77     0.410599   
78     0.410331   
79     0.486939   
80     0.407713   
81     0.484321   
82     0.437409   
83     0.514018   
84     0.415921   
85     0.492529   
86     0.445617   
87     0.522225   
88     0.364571   
89     0.441179   
90     0.421271   
91     0.497879   
92     0.372778   
93     0.449386   
94     0.429478   
95     0.506086   
96     0.420762   
97     0.497371   
98     0.470099   
99     0.546707   
100     0.348918   
101     0.425526   
102     0.398254   
103     0.474863   
104     0.408198   
105     0.484806   
106     0.484538   
107     0.561146   
108     0.336354   
109     0.412962   
110     0.412694   
111     0.489302   
112     0.349947   
113     0.426555   
114     0.379643   
115     0.456251   
116     0.358155   
117     0.434763   
118     0.387851   
119     0.464459   
120     0.337382   
121     0.41399   
122     0.394082   
123     0.47069   
124     0.34559   
125     0.422198   
126     0.40229   
127     0.478898   
128     0.49067   
129     0.476513   
130     0.540007   
131     0.525849   
132     0.418826   
133     0.404668   
134     0.468162   
135     0.454005   
136     0.447527   
137     0.43337   
138     0.523868   
139     0.50971   
140     0.375683   
141     0.361526   
142     0.452023   
143     0.437866   
144     0.449405   
145     0.435248   
146     0.479102   
147     0.464944   
148     0.457613   
149     0.443456   
150     0.487309   
151     0.473152   
152     0.406263   
153     0.392105   
154     0.462963   
155     0.448805   
156     0.41447   
157     0.400313   
158     0.47117   
159     0.457013   
160     0.462454   
161     0.448297   
162     0.511791   
163     0.497633   
164     0.39061   
165     0.376453   
166     0.439947   
167     0.425789   
168     0.44989   
169     0.435732   
170     0.52623   
171     0.512073   
172     0.378046   
173     0.363888   
174     0.454386   
175     0.440228   
176     0.391639   
177     0.377481   
178     0.421335   
179     0.407177   
180     0.399847   
181     0.385689   
182     0.429543   
183     0.415385   
184     0.379074   
185     0.364917   
186     0.435774   
187     0.421617   
188     0.387282   
189     0.373125   
190     0.443982   
191     0.429825   
192     0.484759   
193     0.509878   
194     0.534095   
195     0.559215   
196     0.412915   
197     0.438034   
198     0.462251   
199     0.48737   
200     0.441616   
201     0.466735   
202     0.517956   
203     0.543076   
204     0.369772   
205     0.394891   
206     0.446112   
207     0.471231   
208     0.443494   
209     0.468613   
210     0.47319   
211     0.498309   
212     0.451702   
213     0.476821   
214     0.481398   
215     0.506517   
216     0.400351   
217     0.425471   
218     0.457051   
219     0.482171   
220     0.408559   
221     0.433678   
222     0.465259   
223     0.490378   
224     0.456543   
225     0.481662   
226     0.50588   
227     0.530999   
228     0.384699   
229     0.409818   
230     0.434035   
231     0.459154   
232     0.443979   
233     0.469098   
234     0.520319   
235     0.545438   
236     0.372135   
237     0.397254   
238     0.448475   
239     0.473594   
240     0.385728   
241     0.410847   
242     0.415424   
243     0.440543   
244     0.393935   
245     0.419055   
246     0.423631   
247     0.448751   
248     0.373163   
249     0.398282   
250     0.429863   
251     0.454982   
252     0.381371   
253     0.40649   
254     0.438071   
255     0.46319   
