0     0.593328   
1     0.527047   
2     0.503316   
3     0.437035   
4     0.587429   
5     0.521147   
6     0.571837   
7     0.505556   
8     0.513154   
9     0.538415   
10     0.423142   
11     0.448403   
12     0.507254   
13     0.532515   
14     0.491663   
15     0.516924   
16     0.51413   
17     0.447848   
18     0.424118   
19     0.357836   
20     0.50823   
21     0.441949   
22     0.492639   
23     0.426357   
24     0.536177   
25     0.561438   
26     0.446165   
27     0.471426   
28     0.530277   
29     0.555538   
30     0.514686   
31     0.539947   
32     0.657112   
33     0.6203   
34     0.5671   
35     0.530288   
36     0.651213   
37     0.6144   
38     0.635621   
39     0.598809   
40     0.576938   
41     0.631668   
42     0.486926   
43     0.541656   
44     0.571038   
45     0.625769   
46     0.555447   
47     0.610177   
48     0.577914   
49     0.541102   
50     0.487902   
51     0.451089   
52     0.572014   
53     0.535202   
54     0.556423   
55     0.51961   
56     0.599961   
57     0.654691   
58     0.509949   
59     0.564679   
60     0.594061   
61     0.648791   
62     0.57847   
63     0.6332   
64     0.53838   
65     0.472099   
66     0.448368   
67     0.382086   
68     0.552669   
69     0.486388   
70     0.537078   
71     0.470796   
72     0.458206   
73     0.483467   
74     0.368193   
75     0.393455   
76     0.472495   
77     0.497756   
78     0.456903   
79     0.482165   
80     0.459181   
81     0.3929   
82     0.369169   
83     0.302888   
84     0.473471   
85     0.407189   
86     0.457879   
87     0.391598   
88     0.481228   
89     0.50649   
90     0.391216   
91     0.416478   
92     0.495517   
93     0.520779   
94     0.479926   
95     0.505188   
96     0.602164   
97     0.565352   
98     0.512152   
99     0.47534   
100     0.616453   
101     0.579641   
102     0.600862   
103     0.564049   
104     0.521989   
105     0.57672   
106     0.431977   
107     0.486708   
108     0.536279   
109     0.591009   
110     0.520687   
111     0.575418   
112     0.522965   
113     0.486153   
114     0.432953   
115     0.396141   
116     0.537255   
117     0.500442   
118     0.521663   
119     0.484851   
120     0.545012   
121     0.599743   
122     0.455   
123     0.509731   
124     0.559301   
125     0.614032   
126     0.54371   
127     0.598441   
128     0.630237   
129     0.563956   
130     0.540225   
131     0.473944   
132     0.511105   
133     0.444823   
134     0.495513   
135     0.429232   
136     0.550063   
137     0.575324   
138     0.460051   
139     0.485312   
140     0.43093   
141     0.456192   
142     0.415339   
143     0.4406   
144     0.551039   
145     0.484758   
146     0.461027   
147     0.394745   
148     0.431906   
149     0.365625   
150     0.416315   
151     0.350033   
152     0.573086   
153     0.598347   
154     0.483074   
155     0.508335   
156     0.453953   
157     0.479214   
158     0.438362   
159     0.463623   
160     0.694021   
161     0.657209   
162     0.604009   
163     0.567197   
164     0.574889   
165     0.538076   
166     0.559297   
167     0.522485   
168     0.613847   
169     0.668578   
170     0.523835   
171     0.578565   
172     0.494714   
173     0.549445   
174     0.479123   
175     0.533853   
176     0.614823   
177     0.578011   
178     0.524811   
179     0.487998   
180     0.49569   
181     0.458878   
182     0.480099   
183     0.443286   
184     0.63687   
185     0.6916   
186     0.546858   
187     0.601588   
188     0.517737   
189     0.572467   
190     0.502146   
191     0.556876   
192     0.575289   
193     0.509008   
194     0.485277   
195     0.418996   
196     0.476345   
197     0.410064   
198     0.460754   
199     0.394472   
200     0.495115   
201     0.520376   
202     0.405102   
203     0.430364   
204     0.396171   
205     0.421432   
206     0.380579   
207     0.405841   
208     0.496091   
209     0.429809   
210     0.406078   
211     0.339797   
212     0.397147   
213     0.330865   
214     0.381555   
215     0.315274   
216     0.518137   
217     0.543399   
218     0.428125   
219     0.453387   
220     0.419193   
221     0.444455   
222     0.403602   
223     0.428864   
224     0.639073   
225     0.602261   
226     0.549061   
227     0.512249   
228     0.540129   
229     0.503317   
230     0.524538   
231     0.487726   
232     0.558899   
233     0.613629   
234     0.468886   
235     0.523617   
236     0.459955   
237     0.514685   
238     0.444363   
239     0.499094   
240     0.559875   
241     0.523062   
242     0.469862   
243     0.43305   
244     0.460931   
245     0.424118   
246     0.445339   
247     0.408527   
248     0.581921   
249     0.636652   
250     0.491909   
251     0.54664   
252     0.482977   
253     0.537708   
254     0.467386   
255     0.522117   
