0     0.545879   
1     0.539373   
2     0.598941   
3     0.592435   
4     0.508101   
5     0.501596   
6     0.561163   
7     0.554657   
8     0.542618   
9     0.536112   
10     0.532715   
11     0.526209   
12     0.50484   
13     0.498334   
14     0.494937   
15     0.488431   
16     0.57276   
17     0.566254   
18     0.625821   
19     0.619316   
20     0.583476   
21     0.576971   
22     0.636538   
23     0.630033   
24     0.569498   
25     0.562993   
26     0.559596   
27     0.55309   
28     0.580215   
29     0.57371   
30     0.570312   
31     0.563807   
32     0.597673   
33     0.603795   
34     0.650735   
35     0.656857   
36     0.559895   
37     0.566018   
38     0.612957   
39     0.619079   
40     0.643883   
41     0.650006   
42     0.633981   
43     0.640103   
44     0.606106   
45     0.612228   
46     0.596203   
47     0.602325   
48     0.624554   
49     0.630676   
50     0.677616   
51     0.683738   
52     0.635271   
53     0.641393   
54     0.688332   
55     0.694455   
56     0.670764   
57     0.676887   
58     0.660861   
59     0.666984   
60     0.681481   
61     0.687604   
62     0.671578   
63     0.677701   
64     0.507821   
65     0.501315   
66     0.560882   
67     0.554377   
68     0.470043   
69     0.463537   
70     0.523105   
71     0.516599   
72     0.504559   
73     0.498054   
74     0.494657   
75     0.488151   
76     0.466782   
77     0.460276   
78     0.456879   
79     0.450373   
80     0.534702   
81     0.528196   
82     0.587763   
83     0.581258   
84     0.545418   
85     0.538913   
86     0.59848   
87     0.591975   
88     0.53144   
89     0.524935   
90     0.521537   
91     0.515032   
92     0.542157   
93     0.535652   
94     0.532254   
95     0.525749   
96     0.559615   
97     0.565737   
98     0.612677   
99     0.618799   
100     0.521837   
101     0.527959   
102     0.574899   
103     0.581021   
104     0.605825   
105     0.611948   
106     0.595922   
107     0.602045   
108     0.568047   
109     0.57417   
110     0.558145   
111     0.564267   
112     0.586496   
113     0.592618   
114     0.639557   
115     0.64568   
116     0.597212   
117     0.603335   
118     0.650274   
119     0.656397   
120     0.632706   
121     0.638829   
122     0.622803   
123     0.628926   
124     0.643423   
125     0.649546   
126     0.63352   
127     0.639643   
128     0.4927   
129     0.486195   
130     0.545762   
131     0.539257   
132     0.454922   
133     0.448417   
134     0.507984   
135     0.501479   
136     0.541816   
137     0.535311   
138     0.531913   
139     0.525408   
140     0.504038   
141     0.497533   
142     0.494135   
143     0.48763   
144     0.556087   
145     0.549581   
146     0.609149   
147     0.602643   
148     0.566804   
149     0.560298   
150     0.619865   
151     0.61336   
152     0.605203   
153     0.598697   
154     0.5953   
155     0.588795   
156     0.61592   
157     0.609414   
158     0.606017   
159     0.599511   
160     0.544494   
161     0.550617   
162     0.597556   
163     0.603679   
164     0.506716   
165     0.512839   
166     0.559778   
167     0.565901   
168     0.643082   
169     0.649205   
170     0.633179   
171     0.639302   
172     0.605304   
173     0.611427   
174     0.595401   
175     0.601524   
176     0.607881   
177     0.614003   
178     0.660943   
179     0.667065   
180     0.618598   
181     0.62472   
182     0.67166   
183     0.677782   
184     0.706469   
185     0.712591   
186     0.696566   
187     0.702688   
188     0.717186   
189     0.723308   
190     0.707283   
191     0.713405   
192     0.452625   
193     0.446119   
194     0.505686   
195     0.499181   
196     0.414847   
197     0.408341   
198     0.467909   
199     0.461403   
200     0.501741   
201     0.495235   
202     0.491838   
203     0.485332   
204     0.463963   
205     0.457457   
206     0.45406   
207     0.447555   
208     0.516011   
209     0.509506   
210     0.569073   
211     0.562568   
212     0.526728   
213     0.520223   
214     0.57979   
215     0.573284   
216     0.565127   
217     0.558622   
218     0.555224   
219     0.548719   
220     0.575844   
221     0.569339   
222     0.565941   
223     0.559436   
224     0.504419   
225     0.510541   
226     0.557481   
227     0.563603   
228     0.466641   
229     0.472763   
230     0.519703   
231     0.525825   
232     0.603007   
233     0.609129   
234     0.593104   
235     0.599226   
236     0.565229   
237     0.571351   
238     0.555326   
239     0.561448   
240     0.567805   
241     0.573928   
242     0.620867   
243     0.62699   
244     0.578522   
245     0.584645   
246     0.631584   
247     0.637707   
248     0.666393   
249     0.672516   
250     0.65649   
251     0.662613   
252     0.67711   
253     0.683233   
254     0.667207   
255     0.67333   
