0     0.536356   
1     0.524187   
2     0.61736   
3     0.60519   
4     0.611441   
5     0.562447   
6     0.527397   
7     0.478403   
8     0.537669   
9     0.372148   
10     0.618672   
11     0.453152   
12     0.550113   
13     0.4724   
14     0.466069   
15     0.388356   
16     0.371031   
17     0.480285   
18     0.452035   
19     0.561289   
20     0.446116   
21     0.518545   
22     0.362071   
23     0.434501   
24     0.372344   
25     0.328247   
26     0.453347   
27     0.40925   
28     0.384788   
29     0.428498   
30     0.300744   
31     0.344454   
32     0.406149   
33     0.315381   
34     0.487153   
35     0.396384   
36     0.535161   
37     0.432147   
38     0.451117   
39     0.348103   
40     0.495809   
41     0.353506   
42     0.576812   
43     0.43451   
44     0.56218   
45     0.532263   
46     0.478136   
47     0.448219   
48     0.386399   
49     0.328662   
50     0.467402   
51     0.409666   
52     0.51541   
53     0.445428   
54     0.431366   
55     0.361384   
56     0.476058   
57     0.366787   
58     0.557062   
59     0.447791   
60     0.54243   
61     0.545545   
62     0.458386   
63     0.461501   
64     0.334901   
65     0.391638   
66     0.373886   
67     0.430623   
68     0.449443   
69     0.407188   
70     0.51254   
71     0.470286   
72     0.568893   
73     0.528581   
74     0.607879   
75     0.567567   
76     0.620795   
77     0.606123   
78     0.683893   
79     0.669221   
80     0.217549   
81     0.395709   
82     0.256534   
83     0.434695   
84     0.33209   
85     0.411259   
86     0.395188   
87     0.474357   
88     0.451541   
89     0.532653   
90     0.490527   
91     0.571638   
92     0.503443   
93     0.610195   
94     0.56654   
95     0.673292   
96     0.413056   
97     0.348772   
98     0.452041   
99     0.387758   
100     0.517228   
101     0.372093   
102     0.580325   
103     0.435191   
104     0.490218   
105     0.340975   
106     0.529204   
107     0.37996   
108     0.53175   
109     0.426287   
110     0.594848   
111     0.489385   
112     0.419059   
113     0.387808   
114     0.458045   
115     0.426793   
116     0.523231   
117     0.411129   
118     0.586329   
119     0.474227   
120     0.496222   
121     0.38001   
122     0.535207   
123     0.418996   
124     0.537753   
125     0.465323   
126     0.600851   
127     0.52842   
128     0.459321   
129     0.409497   
130     0.552588   
131     0.502765   
132     0.366194   
133     0.36011   
134     0.353524   
135     0.347441   
136     0.447839   
137     0.404603   
138     0.541106   
139     0.49787   
140     0.49352   
141     0.311983   
142     0.48085   
143     0.299314   
144     0.486994   
145     0.553265   
146     0.580262   
147     0.646532   
148     0.393868   
149     0.503878   
150     0.381198   
151     0.491208   
152     0.475512   
153     0.54837   
154     0.56878   
155     0.641638   
156     0.521193   
157     0.455751   
158     0.508524   
159     0.443081   
160     0.436534   
161     0.358474   
162     0.529802   
163     0.451741   
164     0.397335   
165     0.387593   
166     0.384666   
167     0.374923   
168     0.490863   
169     0.521206   
170     0.584131   
171     0.614474   
172     0.590471   
173     0.507093   
174     0.577802   
175     0.494424   
176     0.414261   
177     0.289013   
178     0.507528   
179     0.382281   
180     0.375061   
181     0.318132   
182     0.362392   
183     0.305463   
184     0.468589   
185     0.451746   
186     0.561857   
187     0.545014   
188     0.568198   
189     0.437633   
190     0.555528   
191     0.424963   
192     0.427456   
193     0.446538   
194     0.388987   
195     0.40807   
196     0.341792   
197     0.342448   
198     0.390775   
199     0.391431   
200     0.501675   
201     0.583648   
202     0.463207   
203     0.545179   
204     0.554819   
205     0.436325   
206     0.603802   
207     0.485307   
208     0.446999   
209     0.582175   
210     0.40853   
211     0.543707   
212     0.361335   
213     0.478085   
214     0.410318   
215     0.527068   
216     0.521218   
217     0.719284   
218     0.48275   
219     0.680816   
220     0.574363   
221     0.571962   
222     0.623345   
223     0.620944   
224     0.555474   
225     0.503898   
226     0.517005   
227     0.465429   
228     0.459441   
229     0.407578   
230     0.508423   
231     0.456561   
232     0.510177   
233     0.53358   
234     0.471709   
235     0.495111   
236     0.552952   
237     0.394028   
238     0.601934   
239     0.44301   
240     0.545852   
241     0.44709   
242     0.507384   
243     0.408622   
244     0.449819   
245     0.35077   
246     0.498802   
247     0.399753   
248     0.500556   
249     0.476772   
250     0.462087   
251     0.438304   
252     0.54333   
253     0.33722   
254     0.592313   
255     0.386202   
