0     0.606328   
1     0.466375   
2     0.607152   
3     0.464109   
4     0.62987   
5     0.63461   
6     0.489442   
7     0.491092   
8     0.629353   
9     0.4894   
10     0.611768   
11     0.468725   
12     0.668709   
13     0.673449   
14     0.634058   
15     0.635708   
16     0.629946   
17     0.541975   
18     0.603677   
19     0.512616   
20     0.572148   
21     0.542373   
22     0.404628   
23     0.371763   
24     0.652971   
25     0.565001   
26     0.608293   
27     0.517232   
28     0.610987   
29     0.581212   
30     0.549244   
31     0.516378   
32     0.607218   
33     0.467265   
34     0.608042   
35     0.464999   
36     0.590966   
37     0.595706   
38     0.450539   
39     0.452189   
40     0.630244   
41     0.490291   
42     0.612658   
43     0.469615   
44     0.629806   
45     0.634546   
46     0.595155   
47     0.596805   
48     0.630836   
49     0.542865   
50     0.604567   
51     0.513506   
52     0.533244   
53     0.503469   
54     0.365724   
55     0.332859   
56     0.653861   
57     0.565891   
58     0.609183   
59     0.518122   
60     0.572084   
61     0.542309   
62     0.51034   
63     0.477475   
64     0.609501   
65     0.473759   
66     0.610325   
67     0.471493   
68     0.708321   
69     0.662684   
70     0.567894   
71     0.519167   
72     0.639517   
73     0.503775   
74     0.621932   
75     0.4831   
76     0.686909   
77     0.641272   
78     0.652258   
79     0.603531   
80     0.633119   
81     0.549359   
82     0.60685   
83     0.520001   
84     0.650599   
85     0.570447   
86     0.483079   
87     0.399837   
88     0.663135   
89     0.579376   
90     0.618456   
91     0.531607   
92     0.629187   
93     0.549035   
94     0.567443   
95     0.484201   
96     0.610391   
97     0.474649   
98     0.611215   
99     0.472384   
100     0.669418   
101     0.623781   
102     0.528991   
103     0.480263   
104     0.640407   
105     0.504666   
106     0.622822   
107     0.48399   
108     0.648006   
109     0.602368   
110     0.613355   
111     0.564628   
112     0.634009   
113     0.55025   
114     0.60774   
115     0.520891   
116     0.611696   
117     0.531544   
118     0.444176   
119     0.360934   
120     0.664025   
121     0.580266   
122     0.619347   
123     0.532497   
124     0.590284   
125     0.510132   
126     0.52854   
127     0.445298   
128     0.392   
129     0.327573   
130     0.490871   
131     0.482226   
132     0.466917   
133     0.547183   
134     0.424536   
135     0.560584   
136     0.415026   
137     0.350599   
138     0.495487   
139     0.486842   
140     0.505756   
141     0.586022   
142     0.569152   
143     0.7052   
144     0.358751   
145     0.346306   
146     0.452987   
147     0.496324   
148     0.352328   
149     0.398078   
150     0.305312   
151     0.406845   
152     0.381777   
153     0.369332   
154     0.457603   
155     0.50094   
156     0.391167   
157     0.436918   
158     0.449928   
159     0.551461   
160     0.436925   
161     0.372498   
162     0.535796   
163     0.527151   
164     0.433657   
165     0.513923   
166     0.391276   
167     0.527324   
168     0.459951   
169     0.395524   
170     0.540412   
171     0.531767   
172     0.472496   
173     0.552763   
174     0.535892   
175     0.67194   
176     0.403676   
177     0.391231   
178     0.497912   
179     0.541249   
180     0.319068   
181     0.364819   
182     0.272053   
183     0.373586   
184     0.426701   
185     0.414257   
186     0.502528   
187     0.545865   
188     0.357908   
189     0.403658   
190     0.416669   
191     0.518201   
192     0.395173   
193     0.334958   
194     0.494044   
195     0.48961   
196     0.545368   
197     0.575257   
198     0.502987   
199     0.588658   
200     0.42519   
201     0.364974   
202     0.505651   
203     0.501217   
204     0.523956   
205     0.553845   
206     0.587352   
207     0.673022   
208     0.361924   
209     0.353691   
210     0.45616   
211     0.503709   
212     0.430779   
213     0.426153   
214     0.383764   
215     0.434919   
216     0.39194   
217     0.383707   
218     0.467767   
219     0.515315   
220     0.409367   
221     0.404741   
222     0.468128   
223     0.519284   
224     0.440098   
225     0.379883   
226     0.538969   
227     0.534535   
228     0.512109   
229     0.541997   
230     0.469728   
231     0.555399   
232     0.470115   
233     0.409899   
234     0.550576   
235     0.546142   
236     0.490696   
237     0.520585   
238     0.554092   
239     0.639763   
240     0.406849   
241     0.398616   
242     0.501085   
243     0.548634   
244     0.39752   
245     0.392893   
246     0.350504   
247     0.40166   
248     0.436865   
249     0.428632   
250     0.512692   
251     0.56024   
252     0.376107   
253     0.371481   
254     0.434869   
255     0.486024   
