0     0.430804   
1     0.408312   
2     0.470405   
3     0.447913   
4     0.584653   
5     0.523635   
6     0.624255   
7     0.563237   
8     0.552526   
9     0.434924   
10     0.592128   
11     0.474525   
12     0.706376   
13     0.550247   
14     0.745977   
15     0.589849   
16     0.493462   
17     0.47097   
18     0.486489   
19     0.463998   
20     0.579233   
21     0.518215   
22     0.57226   
23     0.511242   
24     0.615185   
25     0.497583   
26     0.608212   
27     0.49061   
28     0.700956   
29     0.544827   
30     0.693983   
31     0.537854   
32     0.510181   
33     0.491599   
34     0.428446   
35     0.409864   
36     0.660607   
37     0.624693   
38     0.578872   
39     0.542958   
40     0.592315   
41     0.581857   
42     0.51058   
43     0.500122   
44     0.742741   
45     0.714951   
46     0.661006   
47     0.633216   
48     0.60062   
49     0.582038   
50     0.509865   
51     0.491283   
52     0.682968   
53     0.647054   
54     0.592213   
55     0.556299   
56     0.682754   
57     0.672296   
58     0.591999   
59     0.581541   
60     0.765102   
61     0.737312   
62     0.674347   
63     0.646556   
64     0.482938   
65     0.541604   
66     0.522539   
67     0.581205   
68     0.468367   
69     0.488507   
70     0.507969   
71     0.528108   
72     0.571489   
73     0.535045   
74     0.611091   
75     0.574646   
76     0.556919   
77     0.481947   
78     0.59652   
79     0.521549   
80     0.50229   
81     0.560956   
82     0.495317   
83     0.553983   
84     0.503011   
85     0.52315   
86     0.496038   
87     0.516177   
88     0.590841   
89     0.554397   
90     0.583868   
91     0.547424   
92     0.591562   
93     0.516591   
94     0.584589   
95     0.509618   
96     0.48577   
97     0.416981   
98     0.404035   
99     0.335247   
100     0.467776   
101     0.381655   
102     0.386042   
103     0.29992   
104     0.534733   
105     0.474068   
106     0.452998   
107     0.392333   
108     0.516739   
109     0.438742   
110     0.435004   
111     0.357007   
112     0.532903   
113     0.464114   
114     0.442148   
115     0.373359   
116     0.530201   
117     0.44408   
118     0.439446   
119     0.353324   
120     0.581866   
121     0.521201   
122     0.491111   
123     0.430446   
124     0.579164   
125     0.501166   
126     0.488409   
127     0.410411   
128     0.387976   
129     0.365485   
130     0.322298   
131     0.299807   
132     0.541826   
133     0.480808   
134     0.476148   
135     0.41513   
136     0.508233   
137     0.39063   
138     0.442555   
139     0.324953   
140     0.662082   
141     0.505954   
142     0.596404   
143     0.440276   
144     0.395315   
145     0.372824   
146     0.283063   
147     0.260572   
148     0.481086   
149     0.420068   
150     0.368834   
151     0.307816   
152     0.515572   
153     0.39797   
154     0.40332   
155     0.285717   
156     0.601343   
157     0.445214   
158     0.489091   
159     0.332962   
160     0.33866   
161     0.320078   
162     0.315634   
163     0.297052   
164     0.489086   
165     0.453172   
166     0.466061   
167     0.430146   
168     0.419327   
169     0.408869   
170     0.396302   
171     0.385844   
172     0.569754   
173     0.541963   
174     0.546729   
175     0.518938   
176     0.37378   
177     0.355198   
178     0.341734   
179     0.323152   
180     0.456128   
181     0.420213   
182     0.424082   
183     0.388167   
184     0.454447   
185     0.443989   
186     0.422402   
187     0.411944   
188     0.536795   
189     0.509005   
190     0.50475   
191     0.476959   
192     0.519986   
193     0.578652   
194     0.454308   
195     0.512974   
196     0.505415   
197     0.525554   
198     0.439737   
199     0.459876   
200     0.561118   
201     0.524673   
202     0.49544   
203     0.458995   
204     0.546547   
205     0.471576   
206     0.480869   
207     0.405898   
208     0.555357   
209     0.614023   
210     0.443105   
211     0.501771   
212     0.556078   
213     0.576217   
214     0.443826   
215     0.463965   
216     0.596489   
217     0.560044   
218     0.484237   
219     0.447792   
220     0.59721   
221     0.522239   
222     0.484957   
223     0.409986   
224     0.394124   
225     0.325335   
226     0.371099   
227     0.30231   
228     0.37613   
229     0.290009   
230     0.353105   
231     0.266983   
232     0.395668   
233     0.335003   
234     0.372642   
235     0.311977   
236     0.377674   
237     0.299676   
238     0.354648   
239     0.276651   
240     0.457276   
241     0.388487   
242     0.425231   
243     0.356442   
244     0.454574   
245     0.368453   
246     0.422528   
247     0.336407   
248     0.45882   
249     0.398155   
250     0.426774   
251     0.366109   
252     0.456117   
253     0.37812   
254     0.424072   
255     0.346074   
