0     0.571008   
1     0.533229   
2     0.561687   
3     0.523908   
4     0.625134   
5     0.587355   
6     0.60528   
7     0.567502   
8     0.513588   
9     0.471381   
10     0.504267   
11     0.46206   
12     0.567714   
13     0.525507   
14     0.547861   
15     0.505653   
16     0.495211   
17     0.457433   
18     0.48589   
19     0.448111   
20     0.549337   
21     0.511559   
22     0.529484   
23     0.491705   
24     0.437792   
25     0.395585   
26     0.42847   
27     0.386263   
28     0.491918   
29     0.44971   
30     0.472064   
31     0.429857   
32     0.640754   
33     0.602976   
34     0.631433   
35     0.593654   
36     0.615196   
37     0.577417   
38     0.595342   
39     0.557564   
40     0.583335   
41     0.541127   
42     0.574013   
43     0.531806   
44     0.557776   
45     0.515569   
46     0.537923   
47     0.495715   
48     0.564958   
49     0.527179   
50     0.555636   
51     0.517858   
52     0.539399   
53     0.501621   
54     0.519546   
55     0.481767   
56     0.507538   
57     0.465331   
58     0.498217   
59     0.456009   
60     0.48198   
61     0.439772   
62     0.462126   
63     0.419919   
64     0.48271   
65     0.444931   
66     0.473388   
67     0.43561   
68     0.536836   
69     0.499057   
70     0.516982   
71     0.479203   
72     0.601667   
73     0.55946   
74     0.592345   
75     0.550138   
76     0.655793   
77     0.613585   
78     0.635939   
79     0.593732   
80     0.406913   
81     0.369135   
82     0.397592   
83     0.359813   
84     0.461039   
85     0.42326   
86     0.441185   
87     0.403407   
88     0.52587   
89     0.483663   
90     0.516549   
91     0.474342   
92     0.579996   
93     0.537789   
94     0.560143   
95     0.517935   
96     0.552456   
97     0.514677   
98     0.543135   
99     0.505356   
100     0.526898   
101     0.489119   
102     0.507044   
103     0.469265   
104     0.671413   
105     0.629206   
106     0.662092   
107     0.619884   
108     0.645855   
109     0.603647   
110     0.626001   
111     0.583794   
112     0.476659   
113     0.438881   
114     0.467338   
115     0.429559   
116     0.451101   
117     0.413322   
118     0.431247   
119     0.393469   
120     0.595617   
121     0.553409   
122     0.586295   
123     0.544088   
124     0.570058   
125     0.527851   
126     0.550205   
127     0.507997   
128     0.466946   
129     0.429168   
130     0.542831   
131     0.505052   
132     0.521072   
133     0.483293   
134     0.586424   
135     0.548646   
136     0.409527   
137     0.367319   
138     0.485411   
139     0.443204   
140     0.463652   
141     0.421445   
142     0.529005   
143     0.486798   
144     0.51012   
145     0.472341   
146     0.586005   
147     0.548226   
148     0.564246   
149     0.526467   
150     0.629598   
151     0.59182   
152     0.4527   
153     0.410493   
154     0.528585   
155     0.486378   
156     0.506826   
157     0.464619   
158     0.572179   
159     0.529971   
160     0.54458   
161     0.506801   
162     0.620464   
163     0.582686   
164     0.519021   
165     0.481243   
166     0.584374   
167     0.546595   
168     0.48716   
169     0.444953   
170     0.563045   
171     0.520837   
172     0.461602   
173     0.419394   
174     0.526954   
175     0.484747   
176     0.587753   
177     0.549975   
178     0.663638   
179     0.62586   
180     0.562195   
181     0.524416   
182     0.627547   
183     0.589769   
184     0.530334   
185     0.488127   
186     0.606219   
187     0.564011   
188     0.504775   
189     0.462568   
190     0.570128   
191     0.527921   
192     0.378648   
193     0.340869   
194     0.454533   
195     0.416754   
196     0.432774   
197     0.394995   
198     0.498126   
199     0.460348   
200     0.497605   
201     0.455398   
202     0.57349   
203     0.531283   
204     0.551731   
205     0.509524   
206     0.617083   
207     0.574876   
208     0.421822   
209     0.384043   
210     0.497706   
211     0.459928   
212     0.475948   
213     0.438169   
214     0.5413   
215     0.503521   
216     0.540779   
217     0.498572   
218     0.616664   
219     0.574456   
220     0.594905   
221     0.552697   
222     0.660257   
223     0.61805   
224     0.456282   
225     0.418503   
226     0.532166   
227     0.494388   
228     0.430723   
229     0.392944   
230     0.496075   
231     0.458297   
232     0.575239   
233     0.533031   
234     0.651123   
235     0.608916   
236     0.54968   
237     0.507473   
238     0.615033   
239     0.572825   
240     0.499455   
241     0.461677   
242     0.57534   
243     0.537561   
244     0.473897   
245     0.436118   
246     0.539249   
247     0.501471   
248     0.618412   
249     0.576205   
250     0.694297   
251     0.65209   
252     0.592854   
253     0.550647   
254     0.658206   
255     0.615999   
