0     0.455215   
1     0.298259   
2     0.376274   
3     0.458241   
4     0.457995   
5     0.340645   
6     0.401166   
7     0.522738   
8     0.553383   
9     0.335494   
10     0.474443   
11     0.495477   
12     0.624538   
13     0.423318   
14     0.567708   
15     0.605412   
16     0.420594   
17     0.455934   
18     0.544693   
19     0.506117   
20     0.311468   
21     0.319716   
22     0.387916   
23     0.322248   
24     0.485152   
25     0.500406   
26     0.609251   
27     0.550589   
28     0.441123   
29     0.543165   
30     0.517571   
31     0.545696   
32     0.445071   
33     0.50791   
34     0.492808   
35     0.590427   
36     0.356868   
37     0.459313   
38     0.426717   
39     0.563941   
40     0.498256   
41     0.500162   
42     0.545993   
43     0.582679   
44     0.564478   
45     0.583055   
46     0.634327   
47     0.687682   
48     0.442556   
49     0.49859   
50     0.503042   
51     0.533109   
52     0.317022   
53     0.345963   
54     0.329856   
55     0.332831   
56     0.395838   
57     0.431785   
58     0.456324   
59     0.466305   
60     0.39571   
61     0.518444   
62     0.408545   
63     0.505313   
64     0.472447   
65     0.296674   
66     0.393506   
67     0.456656   
68     0.629187   
69     0.49302   
70     0.572357   
71     0.675113   
72     0.543516   
73     0.30681   
74     0.464576   
75     0.466793   
76     0.676685   
77     0.456649   
78     0.619856   
79     0.638742   
80     0.445887   
81     0.462411   
82     0.569986   
83     0.512594   
84     0.492145   
85     0.481576   
86     0.568593   
87     0.484108   
88     0.595695   
89     0.592133   
90     0.719794   
91     0.642316   
92     0.555444   
93     0.638668   
94     0.631892   
95     0.6412   
96     0.352767   
97     0.355592   
98     0.400504   
99     0.438108   
100     0.418524   
101     0.460954   
102     0.488372   
103     0.565582   
104     0.378853   
105     0.320745   
106     0.42659   
107     0.403261   
108     0.50709   
109     0.465651   
110     0.576938   
111     0.570279   
112     0.358314   
113     0.354333   
114     0.4188   
115     0.388852   
116     0.388162   
117     0.357089   
118     0.400997   
119     0.343957   
120     0.396845   
121     0.372778   
122     0.457331   
123     0.407298   
124     0.400495   
125     0.463215   
126     0.41333   
127     0.450083   
128     0.429942   
129     0.406472   
130     0.434275   
131     0.46026   
132     0.434533   
133     0.450669   
134     0.488076   
135     0.553666   
136     0.495106   
137     0.410703   
138     0.49944   
139     0.464491   
140     0.585823   
141     0.51809   
142     0.639366   
143     0.621086   
144     0.433381   
145     0.446063   
146     0.545847   
147     0.56378   
148     0.311197   
149     0.296787   
150     0.379285   
151     0.370126   
152     0.464935   
153     0.457531   
154     0.5774   
155     0.575248   
156     0.4256   
157     0.504982   
158     0.493688   
159     0.578321   
160     0.463378   
161     0.579462   
162     0.59439   
163     0.555784   
164     0.376987   
165     0.532677   
166     0.557208   
167     0.558207   
168     0.483559   
169     0.53871   
170     0.614571   
171     0.515032   
172     0.569345   
173     0.641165   
174     0.749565   
175     0.666696   
176     0.498924   
177     0.452058   
178     0.547777   
179     0.554111   
180     0.360331   
181     0.286372   
182     0.364806   
183     0.344048   
184     0.419201   
185     0.352249   
186     0.468054   
187     0.454302   
188     0.423767   
189     0.443601   
190     0.428242   
191     0.501277   
192     0.477578   
193     0.401481   
194     0.481912   
195     0.455268   
196     0.561357   
197     0.524864   
198     0.614899   
199     0.627861   
200     0.614173   
201     0.477142   
202     0.618507   
203     0.53093   
204     0.523069   
205     0.402707   
206     0.576611   
207     0.505704   
208     0.489079   
209     0.449133   
210     0.601545   
211     0.56685   
212     0.447506   
213     0.380467   
214     0.515593   
215     0.453806   
216     0.704412   
217     0.64438   
218     0.816878   
219     0.762097   
220     0.425019   
221     0.451773   
222     0.493106   
223     0.525112   
224     0.414411   
225     0.590928   
226     0.545423   
227     0.56725   
228     0.407207   
229     0.623329   
230     0.587427   
231     0.64886   
232     0.506022   
233     0.621606   
234     0.637034   
235     0.597928   
236     0.409986   
237     0.54224   
238     0.590207   
239     0.56777   
240     0.458018   
241     0.471585   
242     0.506871   
243     0.573638   
244     0.400036   
245     0.38651   
246     0.404511   
247     0.444186   
248     0.562075   
249     0.555556   
250     0.610927   
251     0.657609   
252     0.326582   
253     0.406849   
254     0.331057   
255     0.464525   
