0     0.540597   
1     0.611615   
2     0.513417   
3     0.584435   
4     0.481446   
5     0.552463   
6     0.454266   
7     0.525283   
8     0.481541   
9     0.552559   
10     0.454361   
11     0.525378   
12     0.42239   
13     0.493407   
14     0.395209   
15     0.466227   
16     0.612151   
17     0.683168   
18     0.58497   
19     0.655988   
20     0.552999   
21     0.624017   
22     0.525819   
23     0.596836   
24     0.55396   
25     0.624978   
26     0.52678   
27     0.597797   
28     0.494809   
29     0.565826   
30     0.467628   
31     0.538646   
32     0.548419   
33     0.672208   
34     0.508154   
35     0.631943   
36     0.446347   
37     0.570137   
38     0.406082   
39     0.529871   
40     0.489363   
41     0.613152   
42     0.449098   
43     0.572887   
44     0.387291   
45     0.51108   
46     0.347026   
47     0.470815   
48     0.619972   
49     0.743761   
50     0.579707   
51     0.703496   
52     0.517901   
53     0.64169   
54     0.477636   
55     0.601425   
56     0.561781   
57     0.68557   
58     0.521516   
59     0.645305   
60     0.45971   
61     0.583499   
62     0.419445   
63     0.543234   
64     0.644894   
65     0.746588   
66     0.617714   
67     0.719407   
68     0.585743   
69     0.687436   
70     0.558563   
71     0.660256   
72     0.585838   
73     0.687532   
74     0.558658   
75     0.660351   
76     0.526687   
77     0.62838   
78     0.499506   
79     0.6012   
80     0.623618   
81     0.725312   
82     0.596438   
83     0.698131   
84     0.564467   
85     0.66616   
86     0.537287   
87     0.63898   
88     0.565428   
89     0.667121   
90     0.538248   
91     0.639941   
92     0.506276   
93     0.60797   
94     0.479096   
95     0.580789   
96     0.652716   
97     0.807181   
98     0.612451   
99     0.766916   
100     0.550644   
101     0.705109   
102     0.510379   
103     0.664844   
104     0.59366   
105     0.748124   
106     0.553395   
107     0.707859   
108     0.491588   
109     0.646053   
110     0.451323   
111     0.605788   
112     0.63144   
113     0.785905   
114     0.591175   
115     0.74564   
116     0.529368   
117     0.683833   
118     0.489103   
119     0.643568   
120     0.573249   
121     0.727714   
122     0.532984   
123     0.687449   
124     0.471178   
125     0.625643   
126     0.430913   
127     0.585378   
128     0.550732   
129     0.633682   
130     0.523552   
131     0.606502   
132     0.491581   
133     0.574531   
134     0.464401   
135     0.547351   
136     0.491676   
137     0.574626   
138     0.464496   
139     0.547446   
140     0.432525   
141     0.515475   
142     0.405344   
143     0.488294   
144     0.622286   
145     0.705236   
146     0.595105   
147     0.678055   
148     0.563134   
149     0.646084   
150     0.535954   
151     0.618904   
152     0.564095   
153     0.647045   
154     0.536915   
155     0.619865   
156     0.504943   
157     0.587893   
158     0.477763   
159     0.560713   
160     0.558554   
161     0.694275   
162     0.518289   
163     0.65401   
164     0.456482   
165     0.592204   
166     0.416217   
167     0.551939   
168     0.499498   
169     0.635219   
170     0.459233   
171     0.594954   
172     0.397426   
173     0.533148   
174     0.357161   
175     0.492883   
176     0.630107   
177     0.765829   
178     0.589842   
179     0.725563   
180     0.528036   
181     0.663757   
182     0.487771   
183     0.623492   
184     0.571916   
185     0.707638   
186     0.531651   
187     0.667373   
188     0.469845   
189     0.605567   
190     0.42958   
191     0.565301   
192     0.584575   
193     0.698201   
194     0.557395   
195     0.671021   
196     0.525424   
197     0.63905   
198     0.498243   
199     0.611869   
200     0.525519   
201     0.639145   
202     0.498339   
203     0.611965   
204     0.466368   
205     0.579993   
206     0.439187   
207     0.552813   
208     0.563299   
209     0.676925   
210     0.536119   
211     0.649745   
212     0.504148   
213     0.617774   
214     0.476967   
215     0.590593   
216     0.505109   
217     0.618734   
218     0.477928   
219     0.591554   
220     0.445957   
221     0.559583   
222     0.418777   
223     0.532403   
224     0.592397   
225     0.758794   
226     0.552132   
227     0.718529   
228     0.490325   
229     0.656723   
230     0.45006   
231     0.616458   
232     0.53334   
233     0.699738   
234     0.493075   
235     0.659473   
236     0.431269   
237     0.597666   
238     0.391004   
239     0.557401   
240     0.571121   
241     0.737518   
242     0.530856   
243     0.697253   
244     0.469049   
245     0.635447   
246     0.428784   
247     0.595182   
248     0.51293   
249     0.679327   
250     0.472665   
251     0.639062   
252     0.410859   
253     0.577256   
254     0.370594   
255     0.536991   
