0     0.755123   
1     0.559634   
2     0.565467   
3     0.479011   
4     0.664195   
5     0.449656   
6     0.580417   
7     0.474912   
8     0.62101   
9     0.568644   
10     0.431354   
11     0.488021   
12     0.524908   
13     0.453492   
14     0.44113   
15     0.478747   
16     0.737444   
17     0.529461   
18     0.548423   
19     0.449473   
20     0.646516   
21     0.419483   
22     0.563374   
23     0.445374   
24     0.592351   
25     0.549646   
26     0.40333   
27     0.469658   
28     0.496249   
29     0.434493   
30     0.413106   
31     0.460384   
32     0.702951   
33     0.499545   
34     0.480351   
35     0.512945   
36     0.68307   
37     0.460614   
38     0.566348   
39     0.579893   
40     0.719487   
41     0.66069   
42     0.496886   
43     0.67409   
44     0.536232   
45     0.458385   
46     0.41951   
47     0.577664   
48     0.681736   
49     0.465837   
50     0.423573   
51     0.443674   
52     0.661856   
53     0.426906   
54     0.509571   
55     0.510622   
56     0.687293   
57     0.638156   
58     0.42913   
59     0.615994   
60     0.504038   
61     0.435851   
62     0.351753   
63     0.519567   
64     0.721855   
65     0.444526   
66     0.532199   
67     0.363902   
68     0.604945   
69     0.46906   
70     0.521167   
71     0.494315   
72     0.587743   
73     0.453536   
74     0.398086   
75     0.372912   
76     0.465657   
77     0.472895   
78     0.38188   
79     0.49815   
80     0.704176   
81     0.414353   
82     0.515155   
83     0.334364   
84     0.587265   
85     0.438887   
86     0.504123   
87     0.464777   
88     0.559084   
89     0.434537   
90     0.370063   
91     0.354549   
92     0.436998   
93     0.453896   
94     0.353856   
95     0.479787   
96     0.669683   
97     0.384436   
98     0.447083   
99     0.397836   
100     0.62382   
101     0.480017   
102     0.507098   
103     0.599296   
104     0.686219   
105     0.545582   
106     0.463619   
107     0.558982   
108     0.476982   
109     0.477788   
110     0.36026   
111     0.597067   
112     0.648469   
113     0.350728   
114     0.390306   
115     0.328565   
116     0.602605   
117     0.446309   
118     0.450321   
119     0.530025   
120     0.654025   
121     0.523048   
122     0.395862   
123     0.500885   
124     0.444787   
125     0.455255   
126     0.292503   
127     0.538971   
128     0.794206   
129     0.600336   
130     0.610789   
131     0.56153   
132     0.704927   
133     0.492007   
134     0.616537   
135     0.548227   
136     0.660093   
137     0.609346   
138     0.476676   
139     0.57054   
140     0.56564   
141     0.495843   
142     0.47725   
143     0.552063   
144     0.776526   
145     0.570163   
146     0.593745   
147     0.531992   
148     0.687248   
149     0.461834   
150     0.599493   
151     0.51869   
152     0.631434   
153     0.590347   
154     0.448653   
155     0.552176   
156     0.536981   
157     0.476844   
158     0.449226   
159     0.533699   
160     0.742034   
161     0.540246   
162     0.525673   
163     0.595464   
164     0.723802   
165     0.502965   
166     0.602468   
167     0.653208   
168     0.75857   
169     0.701392   
170     0.542209   
171     0.756609   
172     0.576964   
173     0.500736   
174     0.45563   
175     0.65098   
176     0.720819   
177     0.506538   
178     0.468896   
179     0.526193   
180     0.702588   
181     0.469257   
182     0.545691   
183     0.583938   
184     0.726375   
185     0.678858   
186     0.474452   
187     0.698513   
188     0.54477   
189     0.478202   
190     0.387873   
191     0.592883   
192     0.760938   
193     0.485227   
194     0.577522   
195     0.446421   
196     0.645677   
197     0.511411   
198     0.557287   
199     0.567631   
200     0.626825   
201     0.494237   
202     0.443409   
203     0.455431   
204     0.506389   
205     0.515246   
206     0.417999   
207     0.571466   
208     0.743259   
209     0.455054   
210     0.560478   
211     0.416883   
212     0.627998   
213     0.481238   
214     0.540243   
215     0.538093   
216     0.598166   
217     0.475239   
218     0.415385   
219     0.437068   
220     0.47773   
221     0.496247   
222     0.389976   
223     0.553103   
224     0.708766   
225     0.425138   
226     0.492405   
227     0.480355   
228     0.664552   
229     0.522368   
230     0.543218   
231     0.672612   
232     0.725302   
233     0.586283   
234     0.508941   
235     0.6415   
236     0.517714   
237     0.520139   
238     0.396379   
239     0.670383   
240     0.687552   
241     0.391429   
242     0.435628   
243     0.411084   
244     0.643337   
245     0.48866   
246     0.48644   
247     0.603341   
248     0.693108   
249     0.563749   
250     0.441185   
251     0.583404   
252     0.485519   
253     0.497605   
254     0.328622   
255     0.612287   
