0     0.376347   
1     0.38337   
2     0.383012   
3     0.345153   
4     0.477037   
5     0.484061   
6     0.430242   
7     0.392383   
8     0.421743   
9     0.436828   
10     0.457934   
11     0.428136   
12     0.522433   
13     0.537518   
14     0.505164   
15     0.475366   
16     0.399274   
17     0.406297   
18     0.349065   
19     0.311206   
20     0.499964   
21     0.506988   
22     0.396295   
23     0.358435   
24     0.440483   
25     0.455568   
26     0.381106   
27     0.351308   
28     0.541174   
29     0.556258   
30     0.428336   
31     0.398538   
32     0.482475   
33     0.437386   
34     0.473558   
35     0.388358   
36     0.402542   
37     0.357453   
38     0.401967   
39     0.316767   
40     0.544524   
41     0.619845   
42     0.565133   
43     0.600343   
44     0.464591   
45     0.539912   
46     0.493542   
47     0.528753   
48     0.505402   
49     0.460313   
50     0.43961   
51     0.354411   
52     0.425469   
53     0.38038   
54     0.368019   
55     0.28282   
56     0.563265   
57     0.638586   
58     0.488305   
59     0.523515   
60     0.483331   
61     0.558653   
62     0.416714   
63     0.451925   
64     0.384716   
65     0.363254   
66     0.456424   
67     0.442767   
68     0.485407   
69     0.463944   
70     0.503654   
71     0.489997   
72     0.302535   
73     0.289134   
74     0.403768   
75     0.398173   
76     0.403226   
77     0.389824   
78     0.450998   
79     0.445403   
80     0.411812   
81     0.39035   
82     0.426645   
83     0.412989   
84     0.512503   
85     0.49104   
86     0.473875   
87     0.460219   
88     0.310575   
89     0.297174   
90     0.31624   
91     0.310645   
92     0.411266   
93     0.397864   
94     0.36347   
95     0.357875   
96     0.490844   
97     0.417269   
98     0.546969   
99     0.485972   
100     0.410911   
101     0.337336   
102     0.475378   
103     0.414381   
104     0.425317   
105     0.472152   
106     0.510967   
107     0.570381   
108     0.345383   
109     0.392219   
110     0.439376   
111     0.49879   
112     0.517941   
113     0.444365   
114     0.517191   
115     0.456194   
116     0.438007   
117     0.364432   
118     0.4456   
119     0.384603   
120     0.433357   
121     0.480192   
122     0.423439   
123     0.482852   
124     0.353423   
125     0.400259   
126     0.351848   
127     0.411261   
128     0.319732   
129     0.326756   
130     0.392991   
131     0.355132   
132     0.420423   
133     0.427446   
134     0.440221   
135     0.402362   
136     0.409532   
137     0.424616   
138     0.512316   
139     0.482518   
140     0.510222   
141     0.525307   
142     0.559546   
143     0.529748   
144     0.342659   
145     0.349683   
146     0.359044   
147     0.321185   
148     0.443349   
149     0.450373   
150     0.406274   
151     0.368415   
152     0.428272   
153     0.443357   
154     0.435488   
155     0.40569   
156     0.528962   
157     0.544047   
158     0.482718   
159     0.45292   
160     0.552538   
161     0.507449   
162     0.419924   
163     0.334725   
164     0.472605   
165     0.427516   
166     0.348333   
167     0.263134   
168     0.658991   
169     0.734312   
170     0.555902   
171     0.591113   
172     0.579058   
173     0.654379   
174     0.484311   
175     0.519522   
176     0.575465   
177     0.530376   
178     0.385977   
179     0.300777   
180     0.495532   
181     0.450443   
182     0.314386   
183     0.229186   
184     0.677731   
185     0.753052   
186     0.479074   
187     0.514285   
188     0.597798   
189     0.673119   
190     0.407483   
191     0.442694   
192     0.367707   
193     0.346245   
194     0.506008   
195     0.492352   
196     0.468397   
197     0.446935   
198     0.553238   
199     0.539582   
200     0.263232   
201     0.249831   
202     0.431059   
203     0.425463   
204     0.363922   
205     0.350521   
206     0.478288   
207     0.472693   
208     0.394803   
209     0.373341   
210     0.47623   
211     0.462573   
212     0.495493   
213     0.474031   
214     0.52346   
215     0.509803   
216     0.271272   
217     0.257871   
218     0.34353   
219     0.337935   
220     0.371962   
221     0.358561   
222     0.39076   
223     0.385165   
224     0.600513   
225     0.526938   
226     0.532941   
227     0.471944   
228     0.52058   
229     0.447005   
230     0.46135   
231     0.400353   
232     0.512691   
233     0.559526   
234     0.474644   
235     0.534058   
236     0.432758   
237     0.479593   
238     0.403053   
239     0.462467   
240     0.627609   
241     0.554034   
242     0.503163   
243     0.442166   
244     0.547676   
245     0.474101   
246     0.431572   
247     0.370575   
248     0.520731   
249     0.567566   
250     0.387116   
251     0.446529   
252     0.440798   
253     0.487633   
254     0.315525   
255     0.374938   
