0     0.515414   
1     0.714504   
2     0.380604   
3     0.469741   
4     0.581765   
5     0.594626   
6     0.408212   
7     0.472314   
8     0.356526   
9     0.750594   
10     0.558513   
11     0.652615   
12     0.410219   
13     0.588069   
14     0.573463   
15     0.612542   
16     0.504379   
17     0.576371   
18     0.566878   
19     0.566594   
20     0.570729   
21     0.456493   
22     0.594487   
23     0.569167   
24     0.394599   
25     0.558361   
26     0.548848   
27     0.485357   
28     0.448291   
29     0.395836   
30     0.563798   
31     0.445284   
32     0.438941   
33     0.500934   
34     0.501622   
35     0.453661   
36     0.500913   
37     0.480858   
38     0.524851   
39     0.556037   
40     0.290449   
41     0.54742   
42     0.519407   
43     0.476411   
44     0.339762   
45     0.484698   
46     0.529978   
47     0.536141   
48     0.522816   
49     0.457712   
50     0.627122   
51     0.48974   
52     0.584788   
53     0.437636   
54     0.650351   
55     0.592116   
56     0.453829   
57     0.480493   
58     0.546013   
59     0.345425   
60     0.503142   
61     0.417771   
62     0.556584   
63     0.405155   
64     0.627256   
65     0.608543   
66     0.547885   
67     0.361082   
68     0.674412   
69     0.541702   
70     0.556299   
71     0.416694   
72     0.542502   
73     0.704086   
74     0.799928   
75     0.60341   
76     0.538344   
77     0.54507   
78     0.757028   
79     0.566846   
80     0.480727   
81     0.47418   
82     0.661819   
83     0.515477   
84     0.527883   
85     0.407339   
86     0.670233   
87     0.571088   
88     0.445082   
89     0.515623   
90     0.717923   
91     0.493694   
92     0.440924   
93     0.356607   
94     0.675023   
95     0.45713   
96     0.481782   
97     0.512154   
98     0.599902   
99     0.462185   
100     0.493861   
101     0.44016   
102     0.573239   
103     0.512642   
104     0.407424   
105     0.618094   
106     0.691822   
107     0.544389   
108     0.36819   
109     0.453923   
110     0.613845   
111     0.50267   
112     0.430163   
113     0.472702   
114     0.653062   
115     0.555805   
116     0.442243   
117     0.400707   
118     0.626399   
119     0.606263   
120     0.435311   
121     0.554937   
122     0.646088   
123     0.470944   
124     0.396076   
125     0.390767   
126     0.568111   
127     0.429226   
128     0.539703   
129     0.723459   
130     0.313907   
131     0.596835   
132     0.580851   
133     0.554211   
134     0.459606   
135     0.378797   
136     0.437878   
137     0.795758   
138     0.451406   
139     0.83223   
140     0.466368   
141     0.583863   
142     0.584445   
143     0.571545   
144     0.528668   
145     0.585326   
146     0.500182   
147     0.693688   
148     0.569816   
149     0.416078   
150     0.64588   
151     0.47565   
152     0.475951   
153     0.603525   
154     0.44174   
155     0.664972   
156     0.504441   
157     0.39163   
158     0.57478   
159     0.404287   
160     0.46323   
161     0.509889   
162     0.434926   
163     0.580756   
164     0.499999   
165     0.440443   
166     0.576245   
167     0.46252   
168     0.371801   
169     0.592583   
170     0.4123   
171     0.656026   
172     0.395912   
173     0.480491   
174     0.54096   
175     0.495144   
176     0.547105   
177     0.466666   
178     0.560426   
179     0.616835   
180     0.583874   
181     0.39722   
182     0.701745   
183     0.498599   
184     0.535181   
185     0.525657   
186     0.438906   
187     0.52504   
188     0.559291   
189     0.413565   
190     0.567567   
191     0.364158   
192     0.651545   
193     0.617497   
194     0.481188   
195     0.488176   
196     0.673498   
197     0.501287   
198     0.607692   
199     0.323176   
200     0.623854   
201     0.74925   
202     0.692821   
203     0.783025   
204     0.594494   
205     0.540864   
206     0.768011   
207     0.525849   
208     0.505016   
209     0.483134   
210     0.595123   
211     0.642571   
212     0.526969   
213     0.366924   
214     0.721627   
215     0.477571   
216     0.526434   
217     0.560787   
218     0.610816   
219     0.673309   
220     0.497073   
221     0.352401   
222     0.686005   
223     0.416133   
224     0.506071   
225     0.521109   
226     0.533206   
227     0.589279   
228     0.492948   
229     0.399744   
230     0.624633   
231     0.419125   
232     0.488776   
233     0.663257   
234     0.584714   
235     0.724004   
236     0.424339   
237     0.449717   
238     0.624827   
239     0.461674   
240     0.454452   
241     0.481656   
242     0.586366   
243     0.6829   
244     0.441329   
245     0.360292   
246     0.677793   
247     0.512746   
248     0.516663   
249     0.600101   
250     0.53898   
251     0.650559   
252     0.452225   
253     0.386561   
254     0.579093   
255     0.388229   
