0     0.649097   
1     0.671579   
2     0.69668   
3     0.719162   
4     0.638135   
5     0.660617   
6     0.685717   
7     0.708199   
8     0.66553   
9     0.688012   
10     0.712674   
11     0.735156   
12     0.654568   
13     0.67705   
14     0.701712   
15     0.724194   
16     0.595814   
17     0.618296   
18     0.643397   
19     0.665879   
20     0.6625   
21     0.684982   
22     0.710083   
23     0.732565   
24     0.612248   
25     0.63473   
26     0.659391   
27     0.681873   
28     0.678934   
29     0.701416   
30     0.726077   
31     0.748559   
32     0.574881   
33     0.597363   
34     0.622464   
35     0.644946   
36     0.563919   
37     0.586401   
38     0.611502   
39     0.633984   
40     0.591315   
41     0.613797   
42     0.638458   
43     0.66094   
44     0.580352   
45     0.602834   
46     0.627496   
47     0.649978   
48     0.600998   
49     0.62348   
50     0.648581   
51     0.671063   
52     0.667684   
53     0.690166   
54     0.715267   
55     0.737749   
56     0.617432   
57     0.639914   
58     0.664575   
59     0.687057   
60     0.684117   
61     0.706599   
62     0.731261   
63     0.753743   
64     0.66041   
65     0.722098   
66     0.707993   
67     0.76968   
68     0.649448   
69     0.711136   
70     0.697031   
71     0.758718   
72     0.599883   
73     0.661571   
74     0.647027   
75     0.708714   
76     0.588921   
77     0.650609   
78     0.636065   
79     0.697752   
80     0.607128   
81     0.668815   
82     0.65471   
83     0.716398   
84     0.673813   
85     0.735501   
86     0.721396   
87     0.783084   
88     0.546601   
89     0.608288   
90     0.593744   
91     0.655432   
92     0.613286   
93     0.674974   
94     0.66043   
95     0.722117   
96     0.586194   
97     0.647882   
98     0.633777   
99     0.695465   
100     0.575232   
101     0.63692   
102     0.622815   
103     0.684502   
104     0.525667   
105     0.587355   
106     0.572811   
107     0.634499   
108     0.514705   
109     0.576393   
110     0.561849   
111     0.623536   
112     0.612311   
113     0.673999   
114     0.659894   
115     0.721582   
116     0.678997   
117     0.740685   
118     0.72658   
119     0.788267   
120     0.551784   
121     0.613472   
122     0.598928   
123     0.660616   
124     0.61847   
125     0.680158   
126     0.665614   
127     0.727301   
128     0.545644   
129     0.568126   
130     0.593227   
131     0.615709   
132     0.534682   
133     0.557164   
134     0.582264   
135     0.604746   
136     0.562077   
137     0.584559   
138     0.609221   
139     0.631703   
140     0.551115   
141     0.573597   
142     0.598259   
143     0.620741   
144     0.492361   
145     0.514843   
146     0.539944   
147     0.562426   
148     0.559047   
149     0.581529   
150     0.60663   
151     0.629112   
152     0.508795   
153     0.531277   
154     0.555938   
155     0.57842   
156     0.575481   
157     0.597962   
158     0.622624   
159     0.645106   
160     0.382886   
161     0.405368   
162     0.430469   
163     0.452951   
164     0.371924   
165     0.394406   
166     0.419507   
167     0.441989   
168     0.39932   
169     0.421801   
170     0.446463   
171     0.468945   
172     0.388357   
173     0.410839   
174     0.435501   
175     0.457983   
176     0.409003   
177     0.431485   
178     0.456586   
179     0.479068   
180     0.475689   
181     0.498171   
182     0.523272   
183     0.545754   
184     0.425437   
185     0.447918   
186     0.47258   
187     0.495062   
188     0.492122   
189     0.514604   
190     0.539266   
191     0.561748   
192     0.556957   
193     0.618645   
194     0.60454   
195     0.666227   
196     0.545995   
197     0.607683   
198     0.593578   
199     0.655265   
200     0.49643   
201     0.558118   
202     0.543574   
203     0.605261   
204     0.485468   
205     0.547156   
206     0.532611   
207     0.594299   
208     0.503674   
209     0.565362   
210     0.551257   
211     0.612945   
212     0.57036   
213     0.632048   
214     0.617943   
215     0.67963   
216     0.443148   
217     0.504835   
218     0.490291   
219     0.551979   
220     0.509833   
221     0.571521   
222     0.556977   
223     0.618664   
224     0.394199   
225     0.455887   
226     0.441782   
227     0.503469   
228     0.383237   
229     0.444925   
230     0.43082   
231     0.492507   
232     0.333672   
233     0.39536   
234     0.380816   
235     0.442503   
236     0.32271   
237     0.384398   
238     0.369854   
239     0.431541   
240     0.420316   
241     0.482004   
242     0.467899   
243     0.529586   
244     0.487002   
245     0.54869   
246     0.534585   
247     0.596272   
248     0.359789   
249     0.421477   
250     0.406933   
251     0.46862   
252     0.426475   
253     0.488163   
254     0.473619   
255     0.535306   
