0     0.658578   
1     0.632763   
2     0.470291   
3     0.55399   
4     0.517183   
5     0.521471   
6     0.343897   
7     0.341042   
8     0.734307   
9     0.596893   
10     0.451752   
11     0.423852   
12     0.695704   
13     0.588393   
14     0.42815   
15     0.313696   
16     0.668362   
17     0.597786   
18     0.487151   
19     0.52609   
20     0.570335   
21     0.529862   
22     0.404125   
23     0.356509   
24     0.673129   
25     0.512311   
26     0.552826   
27     0.501523   
28     0.677893   
29     0.547179   
30     0.572591   
31     0.434734   
32     0.431958   
33     0.406142   
34     0.345129   
35     0.428828   
36     0.490871   
37     0.49516   
38     0.419044   
39     0.416189   
40     0.601888   
41     0.464474   
42     0.420792   
43     0.392892   
44     0.587847   
45     0.480536   
46     0.421752   
47     0.307298   
48     0.491815   
49     0.421238   
50     0.324139   
51     0.363077   
52     0.58415   
53     0.543677   
54     0.431476   
55     0.38386   
56     0.590784   
57     0.429966   
58     0.484016   
59     0.432713   
60     0.610163   
61     0.479449   
62     0.518397   
63     0.38054   
64     0.563453   
65     0.706631   
66     0.448603   
67     0.659921   
68     0.502914   
69     0.586971   
70     0.35288   
71     0.473696   
72     0.643636   
73     0.647269   
74     0.482275   
75     0.554048   
76     0.685888   
77     0.6304   
78     0.489344   
79     0.470615   
80     0.791226   
81     0.836445   
82     0.505294   
83     0.618654   
84     0.774054   
85     0.760153   
86     0.452938   
87     0.475796   
88     0.617215   
89     0.618054   
90     0.374905   
91     0.443884   
92     0.702834   
93     0.644553   
94     0.425341   
95     0.403819   
96     0.40276   
97     0.545938   
98     0.31009   
99     0.521408   
100     0.54253   
101     0.626587   
102     0.414675   
103     0.535491   
104     0.577145   
105     0.580777   
106     0.437964   
107     0.509737   
108     0.643958   
109     0.588471   
110     0.469594   
111     0.450866   
112     0.629053   
113     0.674273   
114     0.382687   
115     0.496047   
116     0.802244   
117     0.788343   
118     0.520694   
119     0.543552   
120     0.549244   
121     0.550084   
122     0.3465   
123     0.41548   
124     0.649479   
125     0.591198   
126     0.411551   
127     0.390029   
128     0.535238   
129     0.509422   
130     0.530911   
131     0.61461   
132     0.486251   
133     0.490539   
134     0.496926   
135     0.494071   
136     0.724298   
137     0.586884   
138     0.625704   
139     0.597804   
140     0.553213   
141     0.445902   
142     0.46962   
143     0.355166   
144     0.656728   
145     0.586151   
146     0.533085   
147     0.572023   
148     0.659676   
149     0.619204   
150     0.551035   
151     0.503419   
152     0.774826   
153     0.614008   
154     0.712091   
155     0.660788   
156     0.655676   
157     0.524962   
158     0.607942   
159     0.470085   
160     0.555784   
161     0.529968   
162     0.652916   
163     0.736615   
164     0.560424   
165     0.564712   
166     0.672558   
167     0.669703   
168     0.616395   
169     0.47898   
170     0.619259   
171     0.591359   
172     0.652079   
173     0.544768   
174     0.669944   
175     0.555491   
176     0.66274   
177     0.592164   
178     0.552633   
179     0.591571   
180     0.672389   
181     0.631917   
182     0.577283   
183     0.529667   
184     0.652389   
185     0.491571   
186     0.603189   
187     0.551886   
188     0.693082   
189     0.562368   
190     0.658883   
191     0.521026   
192     0.481275   
193     0.624452   
194     0.355397   
195     0.566715   
196     0.513144   
197     0.597201   
198     0.352082   
199     0.472898   
200     0.674789   
201     0.678422   
202     0.502401   
203     0.574174   
204     0.584559   
205     0.529071   
206     0.376987   
207     0.358259   
208     0.617858   
209     0.663077   
210     0.470822   
211     0.584181   
212     0.701662   
213     0.687761   
214     0.519442   
215     0.5423   
216     0.557178   
217     0.558017   
218     0.453764   
219     0.522744   
220     0.518883   
221     0.460602   
222     0.380286   
223     0.358764   
224     0.567749   
225     0.710927   
226     0.464051   
227     0.675369   
228     0.653245   
229     0.737302   
230     0.514363   
231     0.635179   
232     0.632813   
233     0.636446   
234     0.482605   
235     0.554378   
236     0.749352   
237     0.693865   
238     0.563961   
239     0.545232   
240     0.638245   
241     0.683464   
242     0.530775   
243     0.644134   
244     0.728749   
245     0.714848   
246     0.586096   
247     0.608953   
248     0.449115   
249     0.449955   
250     0.385267   
251     0.454247   
252     0.570663   
253     0.512383   
254     0.471632   
255     0.45011   
