0     0.661827   
1     0.41748   
2     0.589407   
3     0.469697   
4     0.777673   
5     0.513907   
6     0.705253   
7     0.566124   
8     0.503273   
9     0.432881   
10     0.430853   
11     0.485098   
12     0.619118   
13     0.529308   
14     0.546698   
15     0.581525   
16     0.491215   
17     0.51372   
18     0.423737   
19     0.473405   
20     0.515835   
21     0.535234   
22     0.448358   
23     0.494919   
24     0.435477   
25     0.631938   
26     0.368   
27     0.591624   
28     0.460098   
29     0.653452   
30     0.392621   
31     0.613138   
32     0.767388   
33     0.434737   
34     0.694968   
35     0.486954   
36     0.746136   
37     0.394067   
38     0.673716   
39     0.446284   
40     0.608834   
41     0.450138   
42     0.536414   
43     0.502355   
44     0.587582   
45     0.409468   
46     0.515162   
47     0.461685   
48     0.527775   
49     0.461976   
50     0.460297   
51     0.421662   
52     0.601481   
53     0.532576   
54     0.534003   
55     0.492261   
56     0.472038   
57     0.580195   
58     0.40456   
59     0.53988   
60     0.545744   
61     0.650794   
62     0.478266   
63     0.61048   
64     0.630273   
65     0.416831   
66     0.557853   
67     0.469048   
68     0.746119   
69     0.513259   
70     0.673699   
71     0.565476   
72     0.581218   
73     0.438523   
74     0.508798   
75     0.49074   
76     0.697063   
77     0.53495   
78     0.624643   
79     0.587167   
80     0.434847   
81     0.488258   
82     0.367369   
83     0.447943   
84     0.459468   
85     0.509772   
86     0.39199   
87     0.469457   
88     0.420438   
89     0.544595   
90     0.35296   
91     0.504281   
92     0.445058   
93     0.56611   
94     0.377581   
95     0.525795   
96     0.636136   
97     0.446313   
98     0.563716   
99     0.498531   
100     0.614884   
101     0.405643   
102     0.542464   
103     0.45786   
104     0.58708   
105     0.468005   
106     0.51466   
107     0.520222   
108     0.565828   
109     0.427334   
110     0.493408   
111     0.479552   
112     0.371709   
113     0.448739   
114     0.304231   
115     0.408425   
116     0.445415   
117     0.519339   
118     0.377937   
119     0.479024   
120     0.357299   
121     0.505077   
122     0.289822   
123     0.464762   
124     0.431006   
125     0.575676   
126     0.363528   
127     0.535362   
128     0.548299   
129     0.542268   
130     0.475879   
131     0.594485   
132     0.664144   
133     0.638695   
134     0.591724   
135     0.690912   
136     0.432906   
137     0.540347   
138     0.360486   
139     0.592564   
140     0.548752   
141     0.636774   
142     0.476332   
143     0.688991   
144     0.577492   
145     0.577473   
146     0.510014   
147     0.537159   
148     0.602113   
149     0.598987   
150     0.534635   
151     0.558673   
152     0.564917   
153     0.67837   
154     0.49744   
155     0.638056   
156     0.589538   
157     0.699884   
158     0.52206   
159     0.65957   
160     0.65386   
161     0.559525   
162     0.58144   
163     0.611742   
164     0.632608   
165     0.518855   
166     0.560188   
167     0.571072   
168     0.538467   
169     0.557604   
170     0.466047   
171     0.609821   
172     0.517215   
173     0.516934   
174     0.444795   
175     0.569151   
176     0.614052   
177     0.525729   
178     0.546575   
179     0.485415   
180     0.687758   
181     0.596329   
182     0.620281   
183     0.556014   
184     0.601477   
185     0.626626   
186     0.534   
187     0.586312   
188     0.675184   
189     0.697226   
190     0.607706   
191     0.656911   
192     0.516745   
193     0.541619   
194     0.444325   
195     0.593837   
196     0.63259   
197     0.638047   
198     0.56017   
199     0.690264   
200     0.510851   
201     0.545989   
202     0.438431   
203     0.598206   
204     0.626697   
205     0.642416   
206     0.554277   
207     0.694633   
208     0.521125   
209     0.552011   
210     0.453647   
211     0.511697   
212     0.545745   
213     0.573525   
214     0.478268   
215     0.533211   
216     0.549877   
217     0.591027   
218     0.4824   
219     0.550713   
220     0.574498   
221     0.612541   
222     0.507021   
223     0.572227   
224     0.522608   
225     0.571102   
226     0.450187   
227     0.623319   
228     0.501356   
229     0.530431   
230     0.428935   
231     0.582648   
232     0.516714   
233     0.575471   
234     0.444294   
235     0.627688   
236     0.495462   
237     0.534801   
238     0.423042   
239     0.587018   
240     0.457986   
241     0.512493   
242     0.390509   
243     0.472178   
244     0.531693   
245     0.583092   
246     0.464215   
247     0.542778   
248     0.486739   
249     0.551508   
250     0.419262   
251     0.511194   
252     0.560445   
253     0.622108   
254     0.492968   
255     0.581794   
