0     0.39923   
1     0.393273   
2     0.627038   
3     0.621082   
4     0.409392   
5     0.403436   
6     0.637201   
7     0.631244   
8     0.378027   
9     0.372071   
10     0.550274   
11     0.544318   
12     0.38819   
13     0.382233   
14     0.560437   
15     0.55448   
16     0.448066   
17     0.442109   
18     0.526563   
19     0.520606   
20     0.458228   
21     0.452272   
22     0.536725   
23     0.530769   
24     0.488557   
25     0.482601   
26     0.511493   
27     0.505536   
28     0.49872   
29     0.492763   
30     0.521655   
31     0.515699   
32     0.466044   
33     0.460088   
34     0.572037   
35     0.566081   
36     0.476207   
37     0.47025   
38     0.5822   
39     0.576243   
40     0.444842   
41     0.438885   
42     0.495273   
43     0.489316   
44     0.455004   
45     0.449047   
46     0.505436   
47     0.499479   
48     0.51488   
49     0.508924   
50     0.471562   
51     0.465605   
52     0.525043   
53     0.519086   
54     0.481724   
55     0.475767   
56     0.555372   
57     0.549415   
58     0.456492   
59     0.450535   
60     0.565534   
61     0.559577   
62     0.466654   
63     0.460697   
64     0.370188   
65     0.364231   
66     0.597996   
67     0.59204   
68     0.393607   
69     0.38765   
70     0.621415   
71     0.615458   
72     0.348985   
73     0.343028   
74     0.521232   
75     0.515275   
76     0.372404   
77     0.366447   
78     0.544651   
79     0.538694   
80     0.419024   
81     0.413067   
82     0.497521   
83     0.491564   
84     0.442442   
85     0.436486   
86     0.520939   
87     0.514983   
88     0.459515   
89     0.453558   
90     0.482451   
91     0.476494   
92     0.482934   
93     0.476977   
94     0.505869   
95     0.499913   
96     0.493686   
97     0.487729   
98     0.599679   
99     0.593722   
100     0.517105   
101     0.511148   
102     0.623098   
103     0.617141   
104     0.472483   
105     0.466526   
106     0.522915   
107     0.516958   
108     0.495902   
109     0.489945   
110     0.546333   
111     0.540377   
112     0.542522   
113     0.536565   
114     0.499203   
115     0.493246   
116     0.56594   
117     0.559984   
118     0.522622   
119     0.516665   
120     0.583013   
121     0.577056   
122     0.484133   
123     0.478176   
124     0.606432   
125     0.600475   
126     0.507552   
127     0.501595   
128     0.33178   
129     0.344024   
130     0.623692   
131     0.635936   
132     0.341942   
133     0.354187   
134     0.633854   
135     0.646099   
136     0.310577   
137     0.322821   
138     0.546928   
139     0.559172   
140     0.320739   
141     0.332984   
142     0.55709   
143     0.569335   
144     0.380615   
145     0.39286   
146     0.523216   
147     0.535461   
148     0.390778   
149     0.403022   
150     0.533379   
151     0.545623   
152     0.421107   
153     0.433351   
154     0.508146   
155     0.520391   
156     0.431269   
157     0.443514   
158     0.518308   
159     0.530553   
160     0.398594   
161     0.410838   
162     0.568691   
163     0.580935   
164     0.408756   
165     0.421001   
166     0.578853   
167     0.591098   
168     0.377391   
169     0.389636   
170     0.491926   
171     0.504171   
172     0.387554   
173     0.399798   
174     0.502089   
175     0.514333   
176     0.44743   
177     0.459674   
178     0.468215   
179     0.48046   
180     0.457592   
181     0.469837   
182     0.478377   
183     0.490622   
184     0.487921   
185     0.500166   
186     0.453145   
187     0.465389   
188     0.498084   
189     0.510328   
190     0.463307   
191     0.475552   
192     0.302737   
193     0.314982   
194     0.594649   
195     0.606894   
196     0.326156   
197     0.338401   
198     0.618068   
199     0.630313   
200     0.281535   
201     0.293779   
202     0.517885   
203     0.53013   
204     0.304953   
205     0.317198   
206     0.541304   
207     0.553549   
208     0.351573   
209     0.363818   
210     0.494174   
211     0.506418   
212     0.374992   
213     0.387236   
214     0.517593   
215     0.529837   
216     0.392065   
217     0.404309   
218     0.479104   
219     0.491348   
220     0.415483   
221     0.427728   
222     0.502523   
223     0.514767   
224     0.426235   
225     0.43848   
226     0.596332   
227     0.608577   
228     0.449654   
229     0.461899   
230     0.619751   
231     0.631995   
232     0.405033   
233     0.417277   
234     0.519568   
235     0.531812   
236     0.428451   
237     0.440696   
238     0.542987   
239     0.555231   
240     0.475071   
241     0.487316   
242     0.495856   
243     0.508101   
244     0.49849   
245     0.510735   
246     0.519275   
247     0.53152   
248     0.515563   
249     0.527807   
250     0.480786   
251     0.493031   
252     0.538981   
253     0.551226   
254     0.504205   
255     0.51645   
