0     0.466982   
1     0.461027   
2     0.24581   
3     0.366164   
4     0.278807   
5     0.310992   
6     0.397245   
7     0.480202   
8     0.470317   
9     0.46437   
10     0.392247   
11     0.439324   
12     0.464944   
13     0.415103   
14     0.44153   
15     0.308508   
16     0.483744   
17     0.483846   
18     0.336919   
19     0.478364   
20     0.25445   
21     0.287145   
22     0.279076   
23     0.43954   
24     0.517325   
25     0.517435   
26     0.381075   
27     0.449242   
28     0.457765   
29     0.408436   
30     0.314848   
31     0.259332   
32     0.485703   
33     0.40639   
34     0.381153   
35     0.443727   
36     0.487153   
37     0.445981   
38     0.666256   
39     0.691433   
40     0.513828   
41     0.474855   
42     0.477957   
43     0.567141   
44     0.69808   
45     0.615214   
46     0.660908   
47     0.569993   
48     0.502464   
49     0.42921   
50     0.472263   
51     0.555926   
52     0.462796   
53     0.422134   
54     0.548088   
55     0.650771   
56     0.560835   
57     0.52792   
58     0.466785   
59     0.577059   
60     0.690901   
61     0.608546   
62     0.534227   
63     0.520818   
64     0.572683   
65     0.566728   
66     0.389086   
67     0.50944   
68     0.406147   
69     0.438332   
70     0.486661   
71     0.569618   
72     0.617111   
73     0.611164   
74     0.450324   
75     0.4974   
76     0.532112   
77     0.482271   
78     0.493427   
79     0.360405   
80     0.589444   
81     0.589547   
82     0.480195   
83     0.621639   
84     0.38179   
85     0.414485   
86     0.368492   
87     0.528956   
88     0.664118   
89     0.664229   
90     0.439151   
91     0.507318   
92     0.524933   
93     0.475604   
94     0.366746   
95     0.31123   
96     0.572219   
97     0.492907   
98     0.501941   
99     0.564514   
100     0.481091   
101     0.439919   
102     0.618966   
103     0.644143   
104     0.641438   
105     0.602465   
106     0.513545   
107     0.602729   
108     0.631846   
109     0.54898   
110     0.576099   
111     0.485185   
112     0.588981   
113     0.515726   
114     0.59305   
115     0.676714   
116     0.456734   
117     0.416072   
118     0.500798   
119     0.603481   
120     0.688445   
121     0.65553   
122     0.502373   
123     0.612648   
124     0.624667   
125     0.542312   
126     0.449418   
127     0.436009   
128     0.372381   
129     0.366426   
130     0.314699   
131     0.435053   
132     0.40326   
133     0.435444   
134     0.570097   
135     0.653054   
136     0.375716   
137     0.369769   
138     0.461136   
139     0.508212   
140     0.589396   
141     0.539556   
142     0.614382   
143     0.48136   
144     0.389142   
145     0.389245   
146     0.405808   
147     0.547252   
148     0.378902   
149     0.411598   
150     0.451928   
151     0.612392   
152     0.422723   
153     0.422834   
154     0.449964   
155     0.51813   
156     0.582218   
157     0.532888   
158     0.487701   
159     0.432185   
160     0.528149   
161     0.448837   
162     0.508393   
163     0.570966   
164     0.43657   
165     0.395397   
166     0.732559   
167     0.757736   
168     0.556274   
169     0.517302   
170     0.605196   
171     0.69438   
172     0.647496   
173     0.56463   
174     0.727211   
175     0.636296   
176     0.544911   
177     0.471656   
178     0.599502   
179     0.683165   
180     0.412213   
181     0.371551   
182     0.614391   
183     0.717074   
184     0.603282   
185     0.570367   
186     0.594024   
187     0.704298   
188     0.640318   
189     0.557963   
190     0.60053   
191     0.587121   
192     0.408599   
193     0.402644   
194     0.431779   
195     0.552133   
196     0.413457   
197     0.445641   
198     0.585657   
199     0.668614   
200     0.453027   
201     0.44708   
202     0.493017   
203     0.540093   
204     0.539421   
205     0.489581   
206     0.592424   
207     0.459401   
208     0.42536   
209     0.425463   
210     0.522888   
211     0.664333   
212     0.389099   
213     0.421795   
214     0.467488   
215     0.627952   
216     0.500035   
217     0.500145   
218     0.481845   
219     0.550011   
220     0.532243   
221     0.482913   
222     0.465742   
223     0.410226   
224     0.456652   
225     0.37734   
226     0.491841   
227     0.554414   
228     0.364572   
229     0.3234   
230     0.640008   
231     0.665184   
232     0.52587   
233     0.486898   
234     0.503445   
235     0.592629   
236     0.515326   
237     0.432461   
238     0.597141   
239     0.506226   
240     0.473414   
241     0.400159   
242     0.58295   
243     0.666613   
244     0.340215   
245     0.299553   
246     0.52184   
247     0.624522   
248     0.572878   
249     0.539963   
250     0.492273   
251     0.602547   
252     0.508148   
253     0.425793   
254     0.470459   
255     0.457051   
