0     0.491441   
1     0.374805   
2     0.47006   
3     0.347938   
4     0.565714   
5     0.408064   
6     0.571637   
7     0.394729   
8     0.569314   
9     0.317995   
10     0.547933   
11     0.291128   
12     0.567446   
13     0.275113   
14     0.573369   
15     0.261777   
16     0.394785   
17     0.439546   
18     0.373405   
19     0.412678   
20     0.592756   
21     0.596502   
22     0.598679   
23     0.583166   
24     0.472658   
25     0.382735   
26     0.451277   
27     0.355868   
28     0.594487   
29     0.46355   
30     0.60041   
31     0.450215   
32     0.516432   
33     0.350107   
34     0.495052   
35     0.323239   
36     0.630417   
37     0.423076   
38     0.63634   
39     0.409741   
40     0.594305   
41     0.293296   
42     0.572925   
43     0.266429   
44     0.632148   
45     0.290125   
46     0.638071   
47     0.276789   
48     0.482654   
49     0.436959   
50     0.461273   
51     0.410092   
52     0.676979   
53     0.59027   
54     0.682902   
55     0.576935   
56     0.560526   
57     0.380149   
58     0.539146   
59     0.353282   
60     0.67871   
61     0.457318   
62     0.684634   
63     0.443983   
64     0.485751   
65     0.559707   
66     0.464371   
67     0.53284   
68     0.587238   
69     0.620179   
70     0.593161   
71     0.606844   
72     0.564944   
73     0.504217   
74     0.543564   
75     0.47735   
76     0.57651   
77     0.474769   
78     0.582433   
79     0.461433   
80     0.368464   
81     0.583948   
82     0.347084   
83     0.55708   
84     0.593648   
85     0.768117   
86     0.599571   
87     0.754782   
88     0.447657   
89     0.528457   
90     0.426277   
91     0.50159   
92     0.58292   
93     0.622706   
94     0.588844   
95     0.609371   
96     0.398843   
97     0.46114   
98     0.377463   
99     0.434273   
100     0.540041   
101     0.561323   
102     0.545964   
103     0.547987   
104     0.478036   
105     0.40565   
106     0.456655   
107     0.378782   
108     0.529313   
109     0.415912   
110     0.535236   
111     0.402576   
112     0.344433   
113     0.507493   
114     0.323053   
115     0.480625   
116     0.565972   
117     0.688017   
118     0.571895   
119     0.674681   
120     0.423626   
121     0.452002   
122     0.402246   
123     0.425135   
124     0.555244   
125     0.542606   
126     0.561167   
127     0.52927   
128     0.596442   
129     0.456611   
130     0.575061   
131     0.429743   
132     0.670715   
133     0.48987   
134     0.676638   
135     0.476534   
136     0.528104   
137     0.469558   
138     0.506724   
139     0.442691   
140     0.526236   
141     0.426676   
142     0.532159   
143     0.41334   
144     0.499786   
145     0.521351   
146     0.478405   
147     0.494484   
148     0.697756   
149     0.678307   
150     0.70368   
151     0.664972   
152     0.431448   
153     0.534299   
154     0.410068   
155     0.507431   
156     0.553278   
157     0.615113   
158     0.559201   
159     0.601778   
160     0.621433   
161     0.431912   
162     0.600053   
163     0.405045   
164     0.735417   
165     0.504882   
166     0.741341   
167     0.491546   
168     0.553096   
169     0.44486   
170     0.531715   
171     0.417992   
172     0.590939   
173     0.441688   
174     0.596862   
175     0.428352   
176     0.587655   
177     0.518765   
178     0.566274   
179     0.491897   
180     0.78198   
181     0.672076   
182     0.787903   
183     0.65874   
184     0.519317   
185     0.531712   
186     0.497936   
187     0.504845   
188     0.637501   
189     0.608882   
190     0.643424   
191     0.595546   
192     0.568037   
193     0.592503   
194     0.546656   
195     0.565636   
196     0.669523   
197     0.652975   
198     0.675447   
199     0.63964   
200     0.501019   
201     0.606771   
202     0.479639   
203     0.579903   
204     0.512585   
205     0.577322   
206     0.518509   
207     0.563987   
208     0.45075   
209     0.616744   
210     0.42937   
211     0.589876   
212     0.675934   
213     0.800913   
214     0.681857   
215     0.787578   
216     0.383733   
217     0.631011   
218     0.362352   
219     0.604144   
220     0.518996   
221     0.72526   
222     0.524919   
223     0.711924   
224     0.481129   
225     0.493936   
226     0.459748   
227     0.467069   
228     0.622326   
229     0.594119   
230     0.62825   
231     0.580783   
232     0.414111   
233     0.508204   
234     0.392731   
235     0.481336   
236     0.465388   
237     0.518466   
238     0.471311   
239     0.50513   
240     0.426719   
241     0.540289   
242     0.405338   
243     0.513421   
244     0.648257   
245     0.720813   
246     0.654181   
247     0.707477   
248     0.359701   
249     0.554556   
250     0.338321   
251     0.527689   
252     0.491319   
253     0.64516   
254     0.497243   
255     0.631824   
