0     0.442565   
1     0.50465   
2     0.5451   
3     0.624228   
4     0.551012   
5     0.595678   
6     0.579938   
7     0.641646   
8     0.530796   
9     0.631164   
10     0.633331   
11     0.750743   
12     0.537746   
13     0.642398   
14     0.566671   
15     0.688366   
16     0.346854   
17     0.46938   
18     0.450024   
19     0.590608   
20     0.460678   
21     0.443197   
22     0.490238   
23     0.490815   
24     0.418926   
25     0.499499   
26     0.522097   
27     0.620727   
28     0.492107   
29     0.513376   
30     0.521668   
31     0.560994   
32     0.454858   
33     0.343301   
34     0.521748   
35     0.414009   
36     0.62537   
37     0.518096   
38     0.61865   
39     0.515194   
40     0.439761   
41     0.46958   
42     0.506651   
43     0.540288   
44     0.588727   
45     0.418101   
46     0.582007   
47     0.415199   
48     0.527936   
49     0.391521   
50     0.559264   
51     0.453026   
52     0.486173   
53     0.550148   
54     0.443891   
55     0.538043   
56     0.496681   
57     0.421404   
58     0.528008   
59     0.482908   
60     0.494226   
61     0.473612   
62     0.451944   
63     0.461507   
64     0.489704   
65     0.351541   
66     0.585395   
67     0.464276   
68     0.618451   
69     0.462869   
70     0.673639   
71     0.5351   
72     0.577935   
73     0.478056   
74     0.673626   
75     0.590791   
76     0.605184   
77     0.509589   
78     0.660372   
79     0.58182   
80     0.393993   
81     0.316272   
82     0.49032   
83     0.430656   
84     0.528117   
85     0.310389   
86     0.58394   
87     0.384269   
88     0.466066   
89     0.346391   
90     0.562392   
91     0.460775   
92     0.559546   
93     0.380568   
94     0.615369   
95     0.454448   
96     0.489334   
97     0.312832   
98     0.549381   
99     0.376696   
100     0.680146   
101     0.507926   
102     0.699689   
103     0.531286   
104     0.474237   
105     0.439111   
106     0.534284   
107     0.502974   
108     0.643503   
109     0.407932   
110     0.663046   
111     0.431292   
112     0.562413   
113     0.361052   
114     0.586896   
115     0.415713   
116     0.540949   
117     0.539978   
118     0.524929   
119     0.554135   
120     0.531157   
121     0.390934   
122     0.555641   
123     0.445595   
124     0.549002   
125     0.463443   
126     0.532983   
127     0.4776   
128     0.48576   
129     0.473473   
130     0.491689   
131     0.469114   
132     0.516154   
133     0.486448   
134     0.565383   
135     0.525388   
136     0.573991   
137     0.599988   
138     0.57992   
139     0.595629   
140     0.502887   
141     0.533167   
142     0.552116   
143     0.572108   
144     0.390049   
145     0.438204   
146     0.396614   
147     0.435493   
148     0.425819   
149     0.333967   
150     0.475683   
151     0.374557   
152     0.462122   
153     0.468323   
154     0.468686   
155     0.465612   
156     0.457248   
157     0.404146   
158     0.507113   
159     0.444736   
160     0.524402   
161     0.375866   
162     0.590357   
163     0.438973   
164     0.616861   
165     0.472606   
166     0.726115   
167     0.579013   
168     0.509306   
169     0.502144   
170     0.57526   
171     0.565252   
172     0.580218   
173     0.372612   
174     0.689472   
175     0.479019   
176     0.597481   
177     0.424085   
178     0.627873   
179     0.47799   
180     0.477664   
181     0.504658   
182     0.551356   
183     0.601862   
184     0.566225   
185     0.453968   
186     0.596617   
187     0.507872   
188     0.485717   
189     0.428123   
190     0.559409   
191     0.525327   
192     0.433258   
193     0.32113   
194     0.479564   
195     0.357147   
196     0.53594   
197     0.406392   
198     0.508259   
199     0.368422   
200     0.521489   
201     0.447644   
202     0.567796   
203     0.483662   
204     0.522673   
205     0.453112   
206     0.494992   
207     0.415142   
208     0.337547   
209     0.28586   
210     0.384489   
211     0.323527   
212     0.445605   
213     0.253911   
214     0.41856   
215     0.217591   
216     0.40962   
217     0.315979   
218     0.456562   
219     0.353646   
220     0.477034   
221     0.32409   
222     0.449989   
223     0.28777   
224     0.473773   
225     0.280452   
226     0.580104   
227     0.383937   
228     0.638519   
229     0.449481   
230     0.670863   
231     0.478978   
232     0.458676   
233     0.406731   
234     0.565008   
235     0.510215   
236     0.601876   
237     0.349486   
238     0.63422   
239     0.378983   
240     0.546851   
241     0.328671   
242     0.61762   
243     0.422953   
244     0.499322   
245     0.481532   
246     0.496104   
247     0.501827   
248     0.515595   
249     0.358554   
250     0.586365   
251     0.452836   
252     0.507375   
253     0.404997   
254     0.504157   
255     0.425291   
